2492
2499
2499
2495
2495
2496
2499
2496
2495
2495
2495
2491
2492
2499
2500
2495
2495
2492
2491
2492
2496
2492
2491
2492
2492
2491
2491
2496
2495
2492
2488
2491
2492
2492
2491
2491
2496
2496
2492
2491
2492
2495
2495
2492
2495
2492
2488
2491
2496
2491
2488
2496
2495
2495
2495
2496
2492
2495
2495
2495
2496
2496
2495
2495
2491
2492
2499
2492
2492
2492
2495
2488
2488
2492
2492
2491
2488
2492
2492
2492
2495
2492
2491
2487
2492
2495
2496
2492
2495
2492
2492
2496
2495
2491
2491
2491
2491
2491
2496
2499
2496
2495
2495
2499
2496
2491
2492
2495
2495
2492
2495
2496
2495
2492
2492
2492
2492
2492
2496
2495
2492
2491
2492
2488
2491
2491
2496
2496
2492
2491
2495
2496
2499
2492
2491
2492
2495
2492
2491
2491
2492
2492
2491
2492
2495
2499
2495
2495
2488
2495
2492
2491
2492
2495
2492
2491
2492
2491
2491
2492
2499
2500
2500
2500
2496
2496
2496
2496
2495
2492
2492
2495
2495
2496
2496
2492
2491
2496
2499
2499
2492
2495
2496
2496
2492
2492
2492
2488
2488
2492
2496
2499
2496
2495
2495
2496
2496
2495
2488
2492
2495
2491
2491
2491
2491
2492
2488
2491
2492
2491
2492
2492
2491
2495
2491
2491
2491
2492
2495
2496
2491
2488
2496
2496
2496
2495
2492
2495
2496
2496
2496
2495
2499
2499
2495
2496
2495
2495
2499
2496
2495
2492
2495
2496
2495
2492
2492
2495
2492
2495
2491
2491
2488
2495
2495
2495
2492
2496
2495
2495
2495
2495
2499
2499
2499
2496
2495
2492
2492
2495
2492
2491
2491
2491
2492
2491
2491
2491
2499
2499
2499
2495
2495
2495
2496
2499
2499
2495
2495
2495
2492
2495
2495
2496
2496
2495
2495
2491
2492
2495
2492
2495
2496
2492
2495
2496
2492
2491
2488
2496
2495
2491
2491
2492
2492
2499
2495
2495
2495
2496
2492
2488
2491
2495
2491
2491
2495
2503
2499
2496
2495
2496
2492
2492
2491
2488
2495
2492
2491
2492
2495
2499
2495
2492
2495
2491
2488
2491
2495
2495
2491
2488
2491
2488
2492
2495
2487
2487
2491
2492
2492
2491
2495
2496
2492
2492
2495
2495
2499
2503
2499
2500
2500
2500
2492
2496
2499
2495
2491
2495
2492
2492
2495
2496
2495
2492
2492
2495
2500
2495
2488
2491
2496
2496
2496
2496
2492
2496
2499
2492
2492
2492
2495
2495
2495
2491
2491
2492
2495
2488
2492
2492
2496
2492
2492
2491
2495
2492
2496
2495
2496
2491
2488
2492
2495
2488
2495
2495
2491
2488
2484
2488
2495
2492
2492
2491
2491
2491
2488
2492
2491
2495
2499
2496
2488
2491
2496
2495
2491
2487
2491
2495
2496
2492
2495
2496
2496
2496
2495
2491
2492
2492
2492
2495
2492
2491
2499
2500
2496
2495
2495
2495
2496
2491
2484
2495
2499
2499
2495
2496
2495
2492
2492
2483
2487
2492
2492
2487
2480
2483
2496
2495
2487
2483
2459
2519
2459
2396
2336
2199
2607
2595
2668
2743
2744
2871
2723
2579
2303
2232
2263
2164
2275
2292
2467
2607
2743
2664
2451
2264
2332
2332
2440
2640
2668
2699
2732
2659
2568
2479
2467
2476
2508
2487
2388
2283
2176
2215
2299
2396
2544
2675
2739
2691
2627
2555
2499
2436
2428
2412
2419
2484
2592
2596
2540
2488
2424
2468
2563
2560
2475
2444
2376
2459
2459
2512
2543
2575
2616
2631
2588
2531
2487
2468
2420
2336
2336
2363
2484
2592
2619
2655
2560
2467
2399
2383
2388
2411
2435
2511
2519
2599
2588
2587
2584
2544
2484
2388
2356
2340
2388
2531
2528
2524
2587
2628
2627
2619
2559
2471
2500
2364
2316
2312
2315
2431
2491
2631
2672
2667
2651
2479
2352
2248
2400
2464
2531
2604
2576
2587
2468
2344
2307
2424
2519
2671
2712
2644
2539
2403
2379
2380
2367
2448
2492
2519
2596
2479
2487
2424
2491
2544
2600
2540
2511
2447
2460
2391
2455
2440
2491
2512
2528
2531
2520
2483
2495
2604
2552
2552
2567
2531
2539
2536
2523
2348
2395
2431
2344
2320
2400
2531
2567
2675
2648
2527
2492
2452
2444
2467
2496
2528
2519
2512
2463
2416
2379
2416
2471
2551
2567
2560
2555
2535
2567
2460
2439
2447
2515
2480
2519
2472
2491
2423
2407
2411
2459
2575
2620
2608
2588
2608
2523
2415
2432
2436
2440
2435
2495
2460
2443
2432
2488
2488
2507
2460
2488
2520
2507
2488
2536
2524
2504
2519
2443
2479
2567
2579
2516
2516
2535
2531
2496
2459
2416
2416
2475
2516
2539
2507
2539
2556
2535
2464
2395
2339
2368
2399
2439
2467
2484
2567
2528
2607
2587
2612
2532
2536
2524
2487
2463
2459
2508
2567
2547
2483
2463
2480
2471
2451
2416
2384
2416
2444
2484
2572
2576
2576
2496
2496
2512
2407
2340
2347
2475
2559
2639
2595
2576
2583
2499
2436
2419
2411
2443
2496
2500
2488
2487
2436
2487
2503
2487
2467
2531
2568
2584
2540
2480
2460
2459
2459
2511
2540
2548
2495
2499
2447
2415
2431
2400
2499
2540
2551
2571
2551
2504
2480
2475
2411
2468
2495
2491
2427
2475
2431
2484
2524
2572
2604
2596
2619
2607
2543
2516
2460
2432
2395
2359
2431
2443
2423
2392
2403
2440
2484
2543
2596
2600
2580
2519
2503
2476
2563
2556
2528
2471
2443
2475
2451
2451
2508
2512
2503
2523
2532
2520
2503
2475
2455
2487
2491
2496
2535
2476
2472
2451
2463
2492
2432
2491
2480
2495
2495
2527
2532
2527
2535
2551
2535
2503
2536
2491
2440
2404
2423
2395
2475
2463
2491
2543
2579
2556
2540
2555
2503
2468
2447
2460
2524
2507
2508
2524
2528
2456
2387
2356
2376
2408
2484
2496
2560
2539
2579
2552
2516
2476
2487
2492
2523
2496
2472
2487
2507
2476
2492
2492
2451
2504
2544
2516
2504
2468
2484
2479
2491
2499
2503
2560
2532
2528
2499
2452
2400
2444
2451
2459
2456
2460
2512
2520
2528
2512
2540
2516
2492
2467
2444
2411
2487
2515
2555
2515
2492
2491
2483
2503
2515
2543
2560
2547
2520
2480
2416
2416
2411
2464
2472
2452
2436
2464
2475
2524
2588
2607
2587
2479
2468
2443
2476
2515
2475
2487
2487
2495
2511
2491
2531
2572
2552
2500
2443
2428
2452
2472
2484
2479
2511
2499
2476
2448
2452
2439
2483
2524
2543
2531
2556
2536
2528
2503
2475
2428
2467
2475
2480
2480
2495
2515
2556
2556
2492
2483
2492
2436
2451
2500
2479
2487
2468
2479
2523
2527
2508
2532
2495
2464
2452
2463
2475
2528
2536
2536
2535
2515
2492
2436
2424
2480
2511
2551
2520
2479
2463
2444
2455
2496
2484
2500
2516
2520
2524
2503
2500
2495
2475
2479
2440
2452
2476
2511
2495
2488
2488
2508
2555
2524
2512
2508
2523
2507
2479
2451
2416
2400
2471
2484
2499
2500
2519
2540
2540
2504
2488
2471
2504
2500
2523
2488
2512
2483
2464
2472
2443
2480
2492
2504
2508
2468
2456
2492
2472
2503
2508
2520
2500
2496
2475
2495
2507
2512
2524
2523
2500
2468
2447
2444
2472
2491
2504
2500
2503
2524
2508
2503
2496
2459
2464
2448
2448
2471
2495
2528
2532
2540
2483
2491
2484
2504
2487
2488
2487
2532
2555
2496
2459
2452
2443
2455
2511
2548
2540
2499
2464
2452
2448
2475
2492
2511
2536
2527
2535
2492
2475
2460
2479
2476
2484
2503
2512
2511
2539
2500
2488
2475
2448
2424
2463
2484
2492
2504
2543
2543
2516
2492
2491
2500
2472
2444
2463
2483
2496
2520
2520
2524
2508
2531
2516
2488
2464
2479
2472
2480
2508
2508
2496
2487
2483
2464
2435
2443
2479
2499
2519
2492
2503
2488
2504
2508
2500
2511
2527
2528
2507
2495
2480
2468
2475
2475
2511
2523
2503
2507
2511
2479
2467
2456
2456
2476
2488
2516
2519
2512
2511
2471
2492
2495
2491
2492
2504
2496
2504
2488
2495
2475
2464
2483
2511
2527
2492
2504
2479
2488
2488
2475
2499
2491
2508
2507
2480
2472
2492
2511
2492
2492
2484
2456
2448
2464
2511
2532
2496
2500
2507
2515
2499
2500
2516
2523
2516
2504
2472
2455
2444
2447
2491
2496
2496
2512
2515
2520
2516
2499
2515
2488
2451
2451
2451
2475
2476
2503
2504
2523
2516
2495
2508
2492
2503
2500
2488
2500
2499
2503
2512
2503
2479
2463
2455
2476
2455
2479
2491
2500
2536
2547
2531
2496
2475
2447
2443
2444
2496
2499
2504
2516
2515
2516
2508
2503
2492
2495
2507
2495
2487
2479
2459
2483
2467
2476
2511
2519
2523
2499
2480
2480
2471
2464
2487
2488
2492
2507
2531
2523
2512
2512
2480
2476
2464
2480
2459
2475
2487
2499
2507
2492
2491
2516
2520
2512
2504
2495
2483
2483
2511
2499
2495
2499
2488
2480
2476
2476
2460
2476
2484
2507
2480
2495
2495
2500
2515
2515
2508
2516
2496
2471
2484
2527
2528
2516
2511
2476
2431
2424
2451
2496
2512
2532
2531
2512
2491
2479
2484
2463
2479
2483
2491
2503
2496
2499
2499
2503
2508
2515
2496
2483
2472
2479
2500
2491
2491
2503
2487
2492
2496
2508
2491
2483
2480
2484
2483
2488
2516
2511
2495
2487
2499
2479
2480
2472
2516
2503
2496
2495
2487
2487
2496
2504
2483
2484
2475
2480
2479
2472
2499
2512
2487
2500
2495
2479
2488
2507
2511
2515
2512
2503
2504
2483
2479
2475
2475
2476
2475
2495
2496
2503
2500
2483
2496
2491
2487
2500
2519
2512
2500
2483
2483
2467
2460
2484
2507
2524
2492
2483
2476
2483
2488
2495
2500
2508
2515
2512
2496
2495
2492
2500
2511
2516
2499
2499
2480
2456
2448
2468
2476
2488
2503
2519
2515
2524
2531
2511
2484
2479
2475
2476
2491
2491
2488
2492
2504
2487
2483
2484
2499
2484
2507
2516
2500
2492
2487
2488
2487
2488
2496
2499
2491
2476
2464
2491
2492
2488
2507
2504
2488
2488
2511
2511
2499
2508
2508
2503
2491
2495
2488
2499
2491
2487
2491
2499
2491
2475
2455
2460
2483
2491
2504
2512
2512
2519
2519
2500
2480
2471
2463
2475
2484
2507
2507
2503
2504
2508
2499
2484
2471
2488
2503
2492
2499
2500
2492
2508
2504
2487
2480
2475
2479
2495
2499
2512
2499
2511
2500
2492
2484
2480
2487
2500
2491
2484
2483
2471
2479
2487
2484
2499
2512
2527
2512
2503
2480
2471
2476
2496
2500
2507
2504
2503
2508
2503
2491
2476
2472
2495
2496
2503
2500
2499
2503
2499
2491
2475
2479
2472
2484
2495
2500
2492
2491
2503
2504
2484
2496
2500
2491
2500
2496
2476
2496
2487
2495
2495
2499
2511
2504
2504
2479
2480
2475
2484
2488
2495
2487
2504
2492
2484
2484
2496
2503
2503
2503
2499
2503
2483
2484
2487
2495
2484
2495
2491
2503
2508
2524
2508
2484
2475
2483
2480
2504
2511
2511
2507
2483
2480
2476
2472
2491
2495
2495
2500
2504
2499
2491
2492
2492
2480
2492
2504
2500
2492
2496
2500
2512
2515
2500
2487
2496
2480
2476
2476
2488
2488
2507
2492
2492
2483
2476
2479
2488
2507
2511
2519
2507
2496
2476
2460
2476
2488
2503
2515
2516
2508
2499
2499
2479
2475
2484
2480
2475
2484
2495
2512
2507
2508
2511
2503
2484
2480
2483
2472
2495
2492
2496
2487
2500
2504
2495
2495
2500
2503
2500
2492
2496
2483
2476
2484
2488
2500
2504
2504
2499
2491
2484
2496
2503
2495
2483
2487
2495
2500
2504
2499
2495
2508
2507
2499
2483
2487
2480
2484
2484
2479
2472
2484
2491
2503
2500
2491
2507
2508
2496
2491
2475
2479
2479
2488
2496
2487
2492
2499
2495
2492
2500
2508
2507
2500
2492
2487
2475
2468
2459
2472
2499
2504
2508
2507
2508
2515
2512
2487
2480
2484
2491
2499
2504
2495
2499
2488
2472
2479
2487
2495
2500
2508
2511
2508
2499
2491
2495
2487
2492
2476
2484
2495
2499
2503
2495
2492
2483
2492
2491
2488
2500
2504
2503
2495
2487
2484
2500
2511
2496
2503
2495
2488
2496
2496
2495
2492
2503
2500
2495
2492
2483
2479
2484
2488
2500
2504
2500
2495
2500
2492
2495
2491
2475
2475
2484
2491
2499
2491
2496
2495
2492
2491
2483
2484
2499
2507
2500
2496
2488
2491
2496
2492
2488
2495
2496
2496
2496
2492
2484
2483
2480
2472
2491
2495
2508
2515
2508
2503
2496
2488
2487
2491
2491
2484
2472
2483
2495
2508
2515
2515
2499
2475
2472
2479
2476
2483
2483
2500
2516
2519
2503
2495
2487
2487
2487
2488
2495
2499
2495
2495
2499
2492
2491
2492
2508
2504
2491
2484
2487
2479
2475
2488
2491
2503
2512
2508
2503
2500
2484
2476
2480
2484
2495
2499
2508
2508
2500
2496
2499
2491
2479
2483
2488
2499
2492
2504
2503
2500
2488
2487
2500
2495
2488
2496
2504
2511
2507
2495
2500
2495
2492
2487
2484
2480
2495
2492
2488
2491
2492
2488
2496
2488
2488
2496
2491
2499
2500
2500
2496
2500
2504
2495
2488
2483
2487
2495
2496
2492
2499
2487
2491
2499
2499
2495
2496
2499
2496
2500
2503
2488
2476
2484
2487
2487
2491
2492
2491
2484
2479
2488
2496
2504
2503
2504
2504
2495
2491
2496
2488
2492
2496
2496
2499
2487
2484
2484
2488
2491
2496
2503
2508
2504
2495
2484
2484
2492
2491
2495
2499
2500
2504
2496
2491
2487
2488
2491
2508
2511
2511
2495
2491
2487
2484
2479
2480
2484
2500
2507
2503
2503
2496
2484
2480
2487
2484
2491
2492
2500
2504
2499
2495
2496
2496
2491
2492
2496
2491
2496
2499
2508
2503
2500
2499
2492
2491
2484
2484
2491
2491
2491
2491
2484
2487
2488
2483
2480
2491
2491
2495
2507
2507
2500
2495
2495
2496
2496
2492
2479
2488
2487
2487
2484
2484
2484
2488
2499
2504
2500
2499
2496
2492
2500
2504
2495
2500
2503
2499
2499
2495
2491
2487
2484
2487
2483
2495
2488
2495
2488
2492
2496
2491
2496
2488
2487
2491
2499
2496
2492
2487
2487
2496
2488
2487
2499
2496
2492
2495
2499
2496
2495
2492
2491
2495
2492
2484
2488
2488
2499
2500
2492
2495
2475
2475
2484
2491
2500
2507
2507
2508
2500
2499
2479
2480
2484
2487
2496
2496
2499
2495
2499
2495
2492
2499
2503
2492
2488
2492
2499
2487
2496
2496
2491
2495
2500
2500
2504
2500
2487
2480
2475
2479
2484
2488
2507
2512
2507
2499
2500
2484
2484
2483
2483
2499
2495
2499
2507
2503
2496
2492
2488
2484
2479
2480
2488
2499
2503
2507
2503
2504
2495
2491
2487
2492
2484
2487
2491
2491
2492
2500
2499
2500
2495
2496
2492
2496
2495
2491
2491
2492
2496
2495
2483
2487
2488
2491
2499
2507
2500
2496
2488
2496
2499
2483
2479
2492
2491
2488
2491
2496
2495
2492
2488
2496
2488
2488
2492
2496
2492
2495
2500
2492
2488
2487
2492
2492
2491
2491
2492
2492
2496
2499
2492
2492
2496
2492
2488
2487
2487
2480
2487
2491
2496
2500
2499
2496
2496
2487
2484
2487
2492
2496
2503
2500
2500
2500
2500
2495
2488
2492
2496
2491
2484
2483
2496
2496
2496
2488
2495
2503
2500
2491
2488
2484
2483
2491
2499
2499
2507
2504
2503
2500
2491
2484
2476
2479
2492
2500
2500
2495
2496
2495
2492
2492
2487
2492
2495
2504
2500
2492
2495
2491
2483
2479
2487
2492
2496
2495
2499
2495
2492
2487
2484
2483
2488
2499
2503
2499
2480
2479
2480
2487
2488
2492
2495
2500
2499
2499
2492
2491
2488
2487
2492
2492
2491
2492
2499
2496
2496
2495
2491
2488
2491
2495
2495
2496
2495
2499
2492
2491
2492
2492
2488
2491
2495
2496
2496
2499
2488
2487
2488
2495
2503
2499
2499
2499
2492
2491
2488
2492
2496
2503
2504
2508
2503
2491
2479
2480
2484
2495
2499
2499
2492
2492
2500
2499
2496
2491
2492
2484
2491
2500
2496
2491
2492
2495
2496
2495
2491
2491
2496
2495
2495
2491
2496
2496
2492
2496
2496
2491
2491
2488
2484
2487
2499
2496
2496
2492
2495
2499
2496
2492
2500
2500
2491
2487
2488
2491
2496
2491
2495
2503
2499
2492
2488
2488
2484
2487
2483
2491
2492
2499
2500
2495
2496
2491
2496
2496
2496
2492
2496
2496
2491
2491
2491
2487
2492
2496
2499
2496
2492
2495
2488
2492
2492
2491
2491
2491
2491
2492
2495
2491
2488
2487
2491
2492
2499
2504
2503
2503
2500
2495
2492
2484
2487
2495
2500
2492
2487
2488
2492
2491
2487
2487
2487
2496
2500
2499
2495
2495
2495
2492
2492
2496
2496
2487
2491
2488
2496
2495
2492
2488
2487
2491
2500
2496
2487
2492
2492
2492
2495
2491
2488
2492
2496
2499
2499
2499
2500
2495
2495
2492
2500
2492
2488
2487
2491
2488
2487
2492
2492
2492
2487
2495
2496
2495
2491
2492
2499
2496
2488
2491
2500
2504
2500
2503
2500
2488
2484
2492
2495
2495
2491
2492
2495
2487
2483
2491
2496
2496
2504
2504
2492
2488
2495
2492
2492
2495
2492
2495
2492
2495
2495
2495
2491
2488
2488
2495
2492
2495
2496
2496
2495
2492
2491
2495
2495
2499
2503
2500
2495
2495
2495
2491
2487
2492
2496
2499
2495
2495
2495
2495
2484
2480
2484
2492
2500
2504
2499
2504
2500
2488
2484
2488
2492
2491
2491
2492
2496
2495
2492
2495
2499
2495
2492
2488
2492
2495
2492
2487
2487
2484
2491
2499
2496
2488
2492
2495
2495
2492
2495
2499
2496
2496
2495
2492
2488
2491
2491
2488
2488
2495
2499
2496
2495
2496
2500
2500
2491
2484
2487
2492
2492
2487
2496
2496
2495
2492
2492
2488
2491
2495
2500
2495
2495
2495
2491
2488
2488
2487
2495
2495
2499
2495
2491
2488
2495
2491
2492
2495
2496
2495
2495
2495
2503
2496
2491
2488
2488
2496
2495
2488
2487
2492
2503
2499
2496
2499
2492
2492
2491
2484
2492
2492
2488
2488
2491
2491
2492
2496
2495
2495
2495
2496
2496
2491
2492
2492
2492
2496
2500
2495
2495
2488
2491
2488
2488
2488
2484
2488
2491
2496
2492
2488
2495
2495
2492
2492
2492
2496
2492
2491
2495
2496
2495
2492
2491
2487
2491
2495
2492
2488
2495
2495
2492
2488
2491
2492
2491
2492
2500
2504
2500
2496
2496
2492
2492
2487
2488
2492
2492
2492
2495
2495
2492
2491
2488
2491
2495
2499
2496
2491
2495
2492
2492
2491
2496
2496
2499
2492
2488
2491
2495
2492
2495
2492
2492
2491
2496
2496
2491
2487
2492
2499
2496
2496
2495
2495
2492
2496
2500
2499
2495
2495
2492
2492
2495
2499
2499
2500
2503
2503
2496
2488
2491
2491
2488
2491
2496
2495
2491
2484
2484
2488
2488
2484
2499
2499
2499
2496
2496
2495
2495
2496
2496
2495
2491
2488
2495
2496
2495
2492
2495
2492
2499
2495
2491
2488
2491
2492
2488
2491
2495
2499
2499
2496
2492
2492
2487
2487
2488
2495
2499
2499
2495
2491
2491
2495
2492
2495
2503
2503
2492
2488
2487
2484
2487
2488
2495
2491
2492
2495
2495
2492
2487
2487
2491
2491
2491
2496
2495
2495
2496
2500
2499
2488
2491
2499
2503
2499
2496
2491
2492
2491
2487
2484
2491
2496
2496
2495
2496
2503
2503
2491
2483
2488
2492
2496
2492
2491
2492
2492
2496
2491
2487
2487
2487
2488
2491
2491
2492
2492
2495
2496
2495
2496
2491
2491
2491
2492
2495
2495
2491
2500
2499
2495
2492
2487
2488
2492
2492
2488
2491
2492
2496
2496
2496
2492
2495
2495
2492
2488
2487
2484
2492
2496
2492
2495
2491
2491
2487
2484
2488
2491
2495
2495
2495
2499
2495
2496
2492
2491
2487
2487
2491
2495
2496
2499
2495
2491
2492
2491
2491
2492
2491
2496
2499
2496
2495
2492
2491
2495
2492
2491
2487
2491
2495
2499
2495
2499
2496
2496
2496
2499
2495
2492
2492
2491
2488
2491
2492
2491
2491
2491
2488
2491
2495
2503
2503
2492
2487
2487
2487
2491
2496
2492
2496
2496
2500
2492
2488
2491
2484
2487
2491
2495
2492
2492
2499
2504
2496
2492
2491
2491
2492
2491
2491
2499
2499
2499
2495
2491
2492
2491
2487
2495
2495
2491
2492
2496
2500
2495
2492
2496
2499
2492
2492
2495
2499
2492
2492
2499
2504
2495
2492
2487
2492
2492
2496
2491
2496
2499
2496
2496
2495
2488
2487
2492
2499
2496
2492
2491
2488
2487
2492
2492
2492
2491
2495
2496
2499
2499
2491
2492
2488
2487
2487
2492
2491
2488
2488
2495
2496
2492
2495
2495
2492
2492
2492
2491
2492
2492
2495
2492
2492
2492
2492
2495
2495
2491
2488
2487
2495
2496
2495
2491
2492
2495
2491
2488
2492
2496
2492
2488
2492
2495
2499
2492
2492
2491
2484
2488
2492
2495
2495
2495
2496
2492
2491
2491
2488
2495
2495
2495
2495
2496
2492
2495
2495
2492
2495
2491
2496
2496
2495
2495
2492
2496
2499
2492
2492
2495
2495
2488
2491
2495
2496
2500
2499
2492
2491
2488
2488
2488
2483
2487
2487
2492
2496
2496
2499
2495
2491
2491
2491
2491
2491
2495
2492
2495
2492
2492
2495
2495
2496
2496
2492
2491
2488
2488
2491
2484
2492
2495
2495
2499
2499
2492
2491
2496
2496
2495
2496
2495
2491
2492
2496
2499
2496
2495
2499
2496
2492
2492
2492
2491
2492
2495
2492
2492
2492
2492
2492
2491
2492
2492
2491
2488
2495
2492
2484
2491
2495
2491
2491
2491
2496
2500
2500
2495
2491
2495
2499
2495
2487
2488
2491
2488
2491
2492
2496
2491
2496
2503
2503
2500
2495
2491
2491
2495
2492
2499
2499
2496
2495
2492
2491
2491
2487
2491
2488
2491
2496
2495
2492
2491
2491
2491
2491
2488
2495
2499
2492
2487
2488
2495
2496
2496
2491
2491
2491
2491
2499
2499
2495
2495
2495
2492
2496
2495
2492
2499
2496
2499
2500
2499
2492
2488
2488
2495
2496
2495
2496
2492
2491
2488
2492
2495
2495
2492
2499
2503
2496
2491
2488
2488
2492
2491
2491
2492
2492
2491
2496
2500
2496
2491
2488
2491
2492
2492
2495
2496
2495
2491
2495
2491
2491
2488
2492
2491
2491
2492
2492
2495
2495
2495
2495
2499
2503
2499
2492
2492
2496
2495
2492
2492
2491
2496
2496
2496
2491
2484
2483
2491
2495
2496
2496
2495
2495
2496
2495
2492
2491
2491
2491
2491
2492
2492
2492
2495
2492
2495
2499
2499
2495
2484
2488
2496
2496
2492
2495
2495
2496
2499
2495
2491
2491
2492
2491
2491
2488
2492
2495
2492
2495
2495
2492
2488
2491
2495
2496
2496
2492
2492
2496
2499
2488
2491
2491
2495
2488
2487
2491
2496
2495
2495
2492
2488
2492
2492
2496
2496
2492
2492
2499
2499
2495
2492
2492
2488
2491
2488
2492
2496
2500
2499
2495
2496
2496
2495
2492
2496
2495
2495
2492
2496
2496
2492
2495
2496
2499
2499
2500
2496
2495
2491
2488
2492
2496
2495
2495
2495
2492
2495
2496
2499
2496
2496
2495
2495
2492
2492
2495
2496
2496
2491
2495
2492
2491
2491
2492
2492
2487
2495
2499
2496
2491
2491
2491
2491
2491
2487
2495
2496
2492
2495
2495
2492
2499
2499
2492
2487
2495
2496
2492
2492
2488
2488
2495
2500
2495
2492
2492
2492
2491
2495
2491
2487
2492
2495
2496
2495
2496
2499
2496
2491
2488
2492
2495
2499
2492
2491
2491
2495
2495
2495
2495
2492
2492
2492
2495
2495
2492
2491
2496
2495
2491
2492
2495
2499
2495
2492
2492
2495
2491
2496
2496
2496
2495
2496
2492
2492
2488
2488
2491
2496
2496
2495
2492
2492
2495
2492
2488
2496
2495
2492
2492
2488
2488
2496
2500
2499
2499
2495
2491
2491
2492
2495
2499
2492
2491
2492
2495
2496
2495
2495
2492
2495
2495
2496
2492
2492
2499
2503
2496
2492
2492
2488
2492
2495
2492
2491
2492
2491
2495
2492
2492
2492
2492
2491
2495
2500
2499
2496
2492
2496
2495
2492
2495
2496
2488
2491
2495
2499
2495
2492
2492
2491
2488
2491
2491
2495
2491
2492
2492
2495
2499
2495
2488
2491
2491
2496
2495
2495
2492
2496
2495
2495
2495
2499
2495
2488
2484
2491
2491
2496
2496
2495
2499
2496
2499
2491
2487
2487
2491
2492
2491
2491
2492
2495
2487
2488
2496
2496
2499
2496
2495
2495
2496
2496
2492
2488
2495
2492
2496
2491
2492
2496
2496
2492
2496
2496
2495
2491
2495
2499
2495
2488
2491
2492
2492
2488
2492
2495
2496
2492
2500
2499
2495
2492
2495
2495
2492
2495
2496
2492
2487
2492
2488
2492
2500
2499
2492
2496
2499
2496
2496
2496
2492
2484
2488
2496
2496
2492
2495
2492
2495
2492
2488
2488
2495
2496
2488
2488
2491
2496
2496
2491
2491
2491
2496
2499
2495
2492
2488
2488
2492
2495
2495
2492
2495
2496
2492
2492
2492
2492
2492
2495
2495
2492
2492
2495
2492
2496
2499
2500
2499
2499
2496
2495
2491
2492
2495
2492
2492
2492
2495
2496
2496
2499
2495
2496
2492
2492
2491
2496
2495
2492
2492
2496
2496
2492
2487
2491
2492
2495
2495
2492
2495
2495
2495
2491
2491
2491
2492
2496
2496
2495
2491
2488
2499
2504
2496
2492
2491
2495
2503
2495
2487
2484
2495
2495
2495
2492
2496
2496
2499
2496
2499
2491
2487
2487
2491
2496
2503
2500
2496
2491
2492
2488
2491
2491
2495
2495
2496
2496
2492
2491
2492
2495
2495
2491
2495
2492
2491
2499
2499
2496
2491
2492
2496
2492
2491
2496
2496
2495
2495
2492
2491
2491
2492
2492
2491
2496
2496
2495
2492
2495
2496
2495
2492
2492
2491
2492
2500
2500
2496
2492
2495
2492
2491
2496
2496
2492
2492
2491
2487
2491
2492
2487
2491
2499
2499
2495
2488
2488
2491
2484
2488
2487
2495
2496
2495
2495
2495
2487
2488
2487
2488
2492
2492
2491
2492
2487
2488
2491
2495
2492
2491
2491
2492
2495
2492
2491
2495
2496
2496
2492
2487
2492
2496
2496
2495
2488
2492
2496
2499
2492
2495
2491
2492
2496
2500
2499
2495
2492
2491
2495
2499
2499
2495
2495
2495
2495
2496
2495
2488
2488
2487
2496
2495
2495
2491
2496
2495
2492
2492
2495
2495
2495
2492
2491
2492
2492
2488
2492
2492
2492
2491
2491
2492
2492
2495
2496
2495
2495
2496
2499
2492
2495
2496
2495
2491
2492
2496
2496
2496
2495
2492
2492
2496
2496
2492
2492
2492
2492
2496
2500
2496
2495
2492
2495
2492
2495
2496
2499
2503
2500
2491
2491
2491
2496
2496
2496
2492
2492
2499
2500
2503
2499
2499
2496
2495
2488
2491
2495
2495
2496
2491
2496
2495
2491
2491
2491
2491
2491
2492
2491
2496
2491
2487
2492
2495
2488
2491
2491
2496
2495
2496
2496
2495
2492
2496
2499
2495
2492
2492
2495
2496
2492
2487
2488
2491
2492
2491
2491
2491
2488
2488
2495
2496
2496
2492
2488
2491
2495
2495
2491
2487
2488
2491
2496
2495
2492
2492
2491
2492
2492
2495
2491
2492
2496
2499
2496
2495
2492
2491
2496
2491
2491
2495
2492
2495
2495
2492
2495
2495
2495
2495
2496
2492
2495
2488
2491
2491
2487
2491
2491
2492
2492
2492
2495
2496
2496
2491
2491
2488
2495
2495
2495
2492
2495
2492
2496
2495
2491
2488
2487
2491
2495
2496
2503
2500
2496
2492
2492
2499
2495
2492
2495
2495
2492
2492
2492
2495
2495
2491
2488
2492
2495
2496
2499
2496
2492
2496
2492
2492
2491
2492
2495
2495
2495
2492
2491
2491
2491
2495
2492
2491
2492
2492
2496
2492
2495
2491
2492
2499
2495
2492
2495
2495
2496
2495
2491
2491
2491
2484
2491
2492
2488
2487
2491
2495
2495
2492
2496
2491
2492
2495
2492
2491
2491
2495
2495
2488
2492
2492
2496
2492
2495
2496
2491
2488
2492
2495
2491
2491
2492
2491
2492
2496
2492
2491
2496
2495
2495
2492
2492
2487
2495
2496
2499
2492
2491
2492
2491
2496
2492
2495
2495
2495
2495
2492
2492
2492
2492
2492
2491
2495
2492
2495
2496
2492
2495
2492
2491
2484
2488
2496
2500
2496
2488
2492
2492
2495
2495
2491
2491
2492
2491
2491
2492
2491
2488
2491
2495
2492
2495
2492
2492
2496
2495
2495
2492
2496
2495
2499
2495
2495
2500
2500
2496
2495
2496
2499
2496
2496
2495
2492
2492
2492
2492
2492
2491
2491
2491
2495
2495
2492
2491
2491
2491
2491
2491
2496
2496
2500
2495
2495
2495
2496
2492
2492
2492
2491
2488
2492
2495
2495
2492
2492
2488
2491
2492
2491
2488
2492
2491
2492
2488
2491
2499
2495
2495
2491
2488
2491
2488
2491
2492
2496
2492
2495
2496
2496
2495
2495
2496
2492
2492
2496
2500
2500
2503
2496
2491
2491
2491
2492
2492
2495
2500
2499
2492
2492
2495
2491
2488
2492
2491
2492
2495
2495
2495
2496
2495
2488
2488
2492
2496
2496
2495
2495
2496
2491
2488
2488
2488
2491
2491
2495
2491
2491
2492
2495
2492
2488
2492
2492
2495
2495
2496
2495
2491
2492
2491
2492
2492
2495
2499
2496
2495
2492
2496
2499
2495
2492
2495
2495
2495
2495
2495
2491
2492
2495
2495
2495
2492
2492
2492
2496
2495
2492
2487
2487
2488
2495
2499
2496
2496
2495
2491
2492
2496
2496
2495
2492
2492
2495
2500
2500
2499
2492
2492
2491
2492
2491
2492
2488
2488
2492
2492
2488
2495
2491
2488
2492
2492
2492
2491
2492
2499
2496
2496
2488
2484
2488
2488
2491
2491
2495
2496
2492
2488
2488
2496
2495
2488
2492
2496
2500
2496
2488
2491
2491
2495
2496
2495
2492
2492
2492
2491
2495
2496
2492
2488
2488
2492
2491
2495
2500
2496
2492
2492
2492
2495
2492
2491
2492
2492
2495
2488
2492
2492
2491
2496
2495
2491
2492
2495
2496
2492
2492
2492
2495
2496
2492
2492
2499
2496
2491
2492
2492
2496
2492
2495
2492
2491
2492
2495
2496
2495
2488
2492
2496
2499
2492
2492
2495
2495
2492
2491
2496
2492
2492
2496
2496
2492
2492
2492
2496
2495
2491
2491
2495
2492
2492
2495
2496
2491
2492
2488
2491
2496
2496
2492
2491
2491
2488
2491
2496
2491
2487
2491
2492
2495
2495
2495
2495
2495
2495
2492
2492
2488
2495
2492
2492
2492
2492
2495
2492
2492
2495
2495
2496
2492
2488
2491
2488
2492
2492
2492
2496
2496
2496
2491
2492
2495
2495
2492
2495
2492
2488
2488
2491
2496
2499
2495
2492
2496
2499
2499
2492
2492
2491
2495
2495
2492
2495
2492
2496
2499
2492
2491
2495
2495
2495
2499
2492
2492
2491
2491
2495
2495
2492
2491
2491
2491
2495
2492
2492
2492
2495
2495
2495
2495
2495
2495
2496
2499
2495
2496
2492
2492
2491
2492
2492
2495
2496
2495
2491
2492
2496
2496
2495
2492
2492
2491
2496
2499
2496
2495
2492
2492
2491
2495
2495
2491
2488
2495
2495
2495
2492
2488
2487
2488
2488
2491
2491
2492
2488
2488
2496
2495
2492
2491
2495
2496
2495
2492
2492
2492
2496
2495
2492
2492
2495
2495
2492
2492
2499
2499
2495
2491
2487
2492
2492
2491
2491
2491
2495
2492
2495
2495
2491
2492
2492
2495
2495
2492
2492
2491
2492
2492
2495
2496
2492
2491
2495
2492
2491
2492
2495
2492
2495
2496
2499
2499
2495
2492
2496
2496
2492
2492
2495
2491
2488
2492
2495
2495
2496
2496
2492
2495
2495
2491
2492
2496
2492
2491
2491
2491
2495
2496
2496
2496
2495
2495
2495
2495
2492
2491
2495
2495
2492
2496
2491
2496
2496
2492
2492
2495
2495
2492
2496
2495
2492
2488
2495
2495
2496
2492
2492
2495
2496
2495
2488
2491
2492
2488
2491
2488
2488
2488
2488
2492
2499
2500
2491
2488
2491
2495
2496
2495
2492
2495
2499
2496
2491
2484
2488
2496
2499
2492
2488
2492
2496
2491
2492
2492
2496
2495
2488
2488
2488
2491
2492
2496
2496
2492
2491
2495
2495
2495
2495
2491
2495
2496
2491
2492
2484
2487
2488
2499
2496
2491
2488
2488
2492
2491
2492
2491
2495
2492
2495
2496
2495
2496
2496
2496
2491
2488
2496
2495
2492
2488
2492
2495
2495
2496
2499
2500
2500
2495
2491
2499
2495
2491
2491
2496
2492
2488
2492
2495
2492
2495
2491
2487
2492
2496
2499
2491
2488
2492
2495
2491
2492
2492
2495
2495
2492
2492
2495
2495
2495
2488
2491
2487
2495
2492
2491
2491
2495
2499
2495
2495
2495
2491
2488
2492
2499
2495
2491
2492
2496
2492
2492
2492
2492
2491
2492
2496
2496
2499
2496
2499
2495
2496
2495
2499
2496
2496
2495
2496
2499
2499
2491
2492
2495
2491
2491
2492
2492
2492
2496
2491
2488
2488
2492
2495
2495
2492
2492
2492
2492
2496
2491
2495
2496
2500
2496
2492
2491
2491
2492
2492
2492
2492
2492
2492
2491
2491
2495
2496
2492
2488
2488
2492
2496
2495
2491
2491
2495
2492
2495
2495
2492
2492
2492
2491
2492
2495
2491
2495
2496
2499
2492
2491
2491
2491
2491
2495
2495
2495
2499
2496
2491
2488
2492
2495
2496
2495
2495
2491
2495
2496
2496
2492
2491
2495
2491
2488
2492
2495
2492
2488
2488
2492
2496
2492
2492
2495
2495
2495
2492
2492
2491
2496
2496
2496
2491
2491
2492
2491
2492
2491
2495
2499
2492
2492
2496
2495
2488
2488
2491
2491
2491
2495
2492
2496
2492
2487
2488
2495
2496
2492
2495
2495
2492
2495
2495
2495
2491
2492
2496
2492
2491
2492
2495
2492
2492
2492
2495
2491
2492
2499
2496
2495
2492
2491
2495
2491
2492
2500
2503
2499
2492
2492
2492
2495
2491
2492
2495
2488
2495
2495
2495
2488
2484
2484
2488
2495
2492
2491
2491
2492
2495
2495
2495
2496
2491
2496
2496
2492
2492
2495
2492
2495
2492
2492
2499
2496
2495
2492
2496
2495
2500
2496
2495
2495
2496
2496
2488
2488
2495
2495
2492
2491
2488
2491
2495
2492
2487
2491
2492
2491
2491
2491
2491
2492
2495
2495
2492
2492
2492
2492
2495
2492
2491
2495
2496
2499
2492
2499
2503
2492
2488
2495
2496
2495
2487
2492
2496
2496
2495
2495
2492
2495
2495
2495
2492
2491
2491
2492
2495
2491
2495
2492
2491
2491
2495
2491
2488
2488
2492
2492
2492
2491
2495
2492
2492
2491
2496
2499
2495
2495
2495
2495
2492
2491
2495
2496
2492
2492
2496
2495
2495
2496
2496
2495
2495
2491
2496
2495
2492
2491
2491
2491
2495
2499
2495
2492
2496
2499
2500
2496
2492
2491
2499
2496
2491
2488
2492
2492
2495
2492
2488
2491
2495
2495
2495
2496
2499
2495
2495
2499
2503
2496
2492
2495
2499
2500
2495
2488
2488
2492
2496
2491
2495
2495
2492
2488
2492
2492
2488
2495
2496
2495
2491
2492
2495
2492
2492
2488
2495
2496
2492
2491
2492
2496
2499
2495
2492
2495
2492
2495
2496
2495
2492
2492
2495
2495
2491
2492
2492
2488
2491
2492
2492
2491
2491
2492
2492
2495
2495
2491
2488
2488
2495
2491
2495
2495
2496
2496
2488
2488
2491
2492
2496
2491
2492
2495
2496
2495
2492
2496
2495
2495
2492
2491
2496
2496
2491
2488
2491
2487
2491
2496
2499
2488
2488
2492
2495
2495
2491
2491
2496
2499
2495
2492
2492
2491
2492
2488
2488
2488
2492
2495
2491
2487
2488
2495
2492
2495
2487
2487
2492
2499
2495
2492
2492
2492
2491
2491
2492
2495
2496
2496
2499
2499
2495
2495
2495
2495
2488
2492
2491
2495
2491
2492
2492
2495
2496
2495
2495
2496
2495
2492
2491
2491
2491
2492
2492
2492
2496
2500
2496
2488
2492
2495
2496
2495
2492
2495
2496
2500
2496
2499
2499
2492
2495
2495
2499
2496
2495
2491
2492
2492
2492
2492
2488
2492
2495
2495
2495
2491
2492
2492
2495
2496
2495
2495
2492
2495
2496
2492
2492
2495
2491
2492
2492
2492
2488
2492
2491
2495
2492
2492
2491
2495
2495
2496
2495
2491
2487
2491
2499
2495
2491
2495
2495
2500
2499
2492
2488
2491
2495
2495
2488
2492
2492
2491
2491
2496
2496
2499
2492
2495
2495
2491
2492
2492
2492
2495
2495
2492
2492
2492
2491
2492
2496
2496
2496
2492
2492
2500
2496
2492
2487
2492
2496
2492
2491
2495
2495
2495
2491
2492
2496
2499
2496
2492
2495
2496
2495
2492
2492
2491
2491
2496
2495
2496
2492
2492
2492
2500
2499
2495
2491
2492
2496
2488
2487
2488
2491
2495
2492
2492
2492
2488
2487
2491
2491
2488
2495
2492
2488
2487
2491
2491
2491
2491
2488
2492
2492
2492
2491
2488
2492
2496
2496
2492
2492
2491
2495
2496
2499
2495
2492
2491
2495
2491
2492
2495
2499
2499
2492
2495
2495
2492
2492
2495
2492
2487
2484
2488
2495
2495
2492
2492
2488
2492
2495
2496
2496
2496
2496
2495
2492
2491
2492
2492
2496
2499
2492
2491
2495
2495
2496
2492
2491
2491
2496
2492
2492
2492
2495
2492
2491
2492
2496
2491
2491
2491
2495
2492
2495
2495
2495
2496
2491
2488
2492
2496
2495
2492
2492
2492
2491
2492
2495
2499
2495
2491
2492
2492
2491
2492
2495
2492
2488
2491
2495
2496
2491
2495
2499
2491
2488
2492
2492
2499
2499
2499
2496
2496
2499
2499
2499
2499
2495
2495
2495
2496
2488
2488
2496
2496
2495
2495
2492
2491
2491
2491
2491
2488
2495
2495
2496
2495
2491
2491
2492
2491
2491
2492
2496
2495
2492
2488
2491
2488
2491
2492
2495
2496
2487
2488
2492
2495
2495
2495
2495
2491
2496
2495
2488
2491
2496
2499
2492
2487
2495
2492
2492
2491
2492
2496
2499
2495
2492
2492
2495
2492
2492
2496
2495
2492
2488
2492
2496
2499
2495
2487
2491
2495
2496
2495
2492
2491
2499
2499
2496
2492
2496
2496
2495
2495
2492
2492
2488
2487
2491
2495
2496
2495
2495
2491
2496
2496
2495
2492
2488
2491
2492
2491
2492
2491
2492
2491
2495
2492
2491
2492
2492
2491
2491
2496
2495
2487
2492
2491
2492
2495
2491
2491
2495
2492
2496
2492
2492
2491
2492
2491
2495
2495
2492
2492
2499
2500
2495
2491
2491
2495
2499
2492
2488
2495
2499
2499
2495
2495
2496
2491
2488
2492
2495
2495
2492
2492
2491
2496
2495
2492
2492
2491
2488
2495
2492
2491
2495
2496
2495
2492
2492
2496
2491
2491
2492
2495
2491
2488
2492
2495
2491
2492
2495
2491
2491
2495
2495
2488
2487
2488
2496
2499
2488
2491
2491
2499
2495
2495
2495
2495
2495
2496
2495
2496
2496
2499
2495
2495
2495
2496
2496
2495
2491
2492
2495
2499
2495
2492
2492
2500
2496
2495
2491
2492
2496
2496
2495
2492
2495
2496
2496
2491
2492
2499
2499
2496
2495
2496
2499
2496
2492
2491
2492
2492
2492
2495
2492
2491
2495
2496
2496
2496
2496
2495
2495
2496
2496
2491
2491
2496
2499
2495
2491
2492
2496
2495
2488
2488
2488
2487
2488
2492
2491
2491
2492
2491
2491
2491
2491
2491
2492
2491
2492
2491
2492
2496
2496
2495
2495
2495
2496
2500
2496
2495
2495
2496
2496
2495
2491
2495
2496
2496
2499
2496
2496
2496
2496
2491
2492
2495
2492
2491
2496
2492
2491
2492
2492
2492
2491
2492
2487
2492
2496
2492
2491
2491
2492
2495
2495
2488
2488
2487
2488
2491
2488
2492
2495
2492
2491
2488
2491
2492
2495
2491
2491
2492
2488
2495
2492
2495
2496
2496
2496
2495
2491
2492
2495
2496
2500
2495
2492
2491
2495
2499
2496
2492
2492
2492
2492
2495
2495
2492
2495
2499
2496
2492
2492
2496
2496
2496
2499
2499
2492
2491
2488
2495
2499
2495
2491
2487
2491
2491
2488
2495
2492
2491
2495
2496
2492
2491
2491
2495
2491
2492
2496
2496
2495
2492
2488
2488
2496
2492
2491
2492
2487
2491
2492
2491
2488
2492
2496
2492
2488
2491
2492
2496
2495
2488
2495
2496
2492
2491
2492
2492
2492
2499
2499
2492
2491
2496
2495
2492
2492
2492
2491
2491
2492
2495
2496
2496
2499
2495
2488
2488
2492
2491
2491
2488
2492
2495
2495
2495
2488
2488
2492
2492
2488
2487
2487
2495
2496
2495
2496
2492
2492
2492
2491
2487
2491
2496
2499
2499
2499
2499
2495
2495
2491
2492
2492
2492
2491
2491
2496
2495
2496
2496
2495
2496
2499
2496
2496
2496
2495
2492
2495
2496
2496
2495
2492
2496
2496
2495
2495
2492
2495
2495
2491
2492
2492
2496
2496
2499
2495
2492
2492
2492
2492
2492
2491
2495
2499
2499
2491
2488
2492
2495
2495
2491
2488
2491
2492
2491
2491
2488
2492
2492
2496
2495
2488
2491
2496
2495
2495
2492
2491
2491
2495
2495
2491
2488
2491
2492
2496
2491
2488
2495
2496
2496
2491
2492
2495
2496
2495
2495
2495
2491
2492
2492
2495
2496
2492
2492
2496
2491
2487
2488
2488
2495
2492
2492
2488
2492
2492
2496
2492
2492
2492
2492
2495
2492
2487
2491
2495
2488
2491
2491
2492
2492
2491
2495
2495
2492
2499
2491
2491
2492
2500
2500
2499
2492
2492
2492
2491
2487
2488
2488
2495
2495
2492
2491
2488
2492
2495
2495
2492
2492
2488
2492
2496
2496
2499
2495
2491
2495
2492
2491
2491
2492
2496
2495
2495
2495
2491
2491
2495
2492
2492
2491
2495
2496
2488
2487
2492
2496
2495
2492
2491
2495
2495
2499
2500
2496
2496
2496
2496
2492
2495
2496
2496
2495
2491
2495
2495
2495
2488
2488
2492
2492
2491
2492
2495
2495
2492
2491
2491
2492
2495
2495
2491
2488
2491
2491
2492
2492
2492
2491
2491
2495
2492
2491
2491
2491
2491
2495
2496
2495
2491
2491
2491
2488
2495
2496
2496
2496
2491
2491
2491
2492
2488
2492
2492
2488
2492
2492
2492
2492
2495
2491
2488
2495
2495
2495
2492
2492
2499
2499
2495
2488
2488
2488
2491
2491
2491
2496
2499
2492
2491
2492
2495
2495
2491
2491
2492
2496
2495
2488
2491
2496
2499
2492
2492
2492
2495
2488
2488
2487
2488
2495
2492
2492
2496
2496
2492
2488
2491
2496
2496
2491
2488
2495
2496
2492
2491
2491
2496
2496
2495
2495
2495
2496
2496
2499
2499
2492
2492
2492
2492
2492
2495
2491
2491
2492
2495
2492
2496
2492
2492
2495
2492
2496
2495
2492
2491
2495
2496
2492
2488
2491
2495
2499
2496
2495
2492
2496
2495
2495
2495
2495
2488
2491
2495
2495
2488
2492
2495
2492
2492
2495
2496
2495
2495
2499
2499
2499
2492
2491
2492
2491
2492
2499
2491
2492
2491
2492
2488
2491
2495
2499
2492
2492
2496
2503
2495
2492
2492
2496
2496
2492
2491
2491
2492
2495
2491
2487
2491
2496
2491
2492
2495
2495
2491
2495
2492
2499
2496
2492
2487
2488
2492
2495
2500
2499
2492
2488
2492
2495
2495
2492
2491
2491
2495
2495
2495
2495
2495
2488
2495
2492
2492
2492
2492
2492
2492
2499
2500
2492
2491
2487
2492
2492
2491
2488
2491
2488
2491
2492
2495
2491
2491
2491
2496
2496
2492
2492
2492
2496
2495
2492
2492
2492
2496
2500
2495
2491
2495
2495
2495
2496
2492
2496
2496
2492
2491
2495
2496
2491
2491
2495
2499
2499
2492
2495
2495
2496
2496
2499
2495
2491
2491
2492
2488
2487
2488
2491
2496
2495
2488
2492
2496
2492
2491
2491
2492
2496
2492
2488
2495
2491
2491
2491
2495
2491
2492
2491
2491
2492
2495
2491
2495
2491
2488
2491
2492
2495
2495
2495
2488
2492
2499
2499
2492
2495
2492
2496
2503
2499
2496
2492
2492
2492
2491
2491
2495
2492
2492
2495
2496
2495
2491
2488
2492
2491
2488
2487
2492
2492
2491
2491
2492
2499
2492
2495
2492
2495
2495
2496
2492
2491
2491
2495
2496
2491
2487
2488
2492
2496
2499
2492
2495
2492
2495
2499
2496
2491
2495
2495
2491
2492
2492
2495
2495
2491
2488
2495
2496
2496
2496
2495
2488
2487
2488
2492
2495
2496
2496
2492
2488
2496
2495
2488
2491
2492
2495
2492
2495
2496
2496
2496
2495
2496
2496
2495
2492
2495
2499
2492
2488
2495
2496
2495
2495
2495
2495
2495
2492
2491
2492
2492
2492
2495
2492
2491
2492
2491
2495
2492
2488
2491
2491
2492
2492
2491
2488
2496
2500
2492
2492
2496
2496
2495
2491
2488
2491
2496
2495
2495
2495
2495
2499
2499
2500
2492
2491
2492
2495
2492
2492
2492
2495
2495
2492
2492
2495
2492
2491
2491
2496
2492
2491
2492
2495
2492
2492
2496
2491
2487
2488
2491
2491
2495
2499
2495
2491
2492
2495
2495
2492
2492
2491
2488
2496
2496
2491
2491
2491
2495
2499
2496
2492
2492
2500
2496
2492
2491
2495
2492
2488
2495
2496
2496
2496
2499
2496
2495
2495
2496
2495
2492
2495
2496
2495
2495
2491
2495
2495
2491
2492
2496
2496
2496
2495
2495
2496
2495
2492
2491
2491
2491
2495
2492
2495
2491
2492
2495
2495
2495
2499
2496
2492
2488
2487
2492
2492
2492
2488
2496
2496
2491
2491
2495
2488
2492
2499
2496
2492
2491
2495
2492
2495
2492
2491
2491
2491
2492
2495
2495
2499
2495
2495
2499
2496
2496
2496
2492
2492
2488
2491
2496
2499
2492
2492
2495
2495
2496
2492
2492
2496
2495
2495
2495
2495
2496
2492
2492
2491
2491
2496
2495
2499
2492
2491
2491
2491
2491
2491
2491
2491
2488
2491
2491
2492
2492
2492
2491
2492
2495
2492
2491
2495
2496
2495
2495
2491
2492
2495
2496
2484
2487
2492
2499
2499
2495
2495
2491
2491
2492
2495
2496
2492
2495
2495
2496
2495
2492
2492
2492
2492
2491
2496
2495
2488
2492
2495
2495
2492
2495
2492
2488
2488
2488
2488
2491
2491
2491
2488
2495
2496
2495
2495
2492
2491
2491
2495
2496
2499
2499
2492
2492
2499
2499
2495
2487
2491
2496
2503
2499
2495
2495
2495
2496
2492
2495
2495
2496
2499
2492
2488
2491
2492
2495
2495
2495
2499
2499
2496
2499
2496
2492
2488
2492
2499
2499
2496
2492
2488
2491
2492
2495
2487
2487
2495
2500
2496
2496
2496
2492
2491
2491
2492
2495
2495
2495
2492
2491
2495
2492
2491
2492
2488
2491
2492
2488
2487
2487
2492
2492
2492
2495
2491
2492
2491
2488
2496
2499
2492
2491
2492
2495
2492
2495
2491
2491
2488
2484
2487
2488
2492
2495
2495
2491
2495
2496
2495
2491
2492
2491
2491
2491
2492
2491
2491
2488
2491
2496
2496
2499
2495
2495
2495
2495
2495
2492
2491
2495
2492
2492
2495
2499
2495
2491
2492
2492
2496
2495
2491
2492
2496
2499
2496
2495
2496
2492
2496
2491
2495
2488
2487
2492
2488
2487
2492
2499
2496
2491
2491
2492
2496
2496
2495
2495
2495
2495
2495
2492
2492
2495
2492
2495
2491
2492
2492
2492
2496
2495
2491
2488
2492
2492
2488
2487
2488
2491
2495
2492
2492
2491
2495
2496
2495
2491
2491
2492
2488
2492
2495
2492
2499
2496
2495
2491
2496
2492
2495
2492
2492
2496
2495
2492
2496
2495
2496
2499
2492
2488
2496
2500
2499
2492
2495
2495
2496
2495
2491
2488
2491
2496
2495
2492
2491
2496
2496
2495
2488
2491
2492
2496
2495
2492
2492
2495
2495
2491
2492
2491
2492
2492
2492
2492
2487
2495
2492
2491
2488
2492
2495
2499
2492
2488
2491
2488
2495
2496
2491
2488
2492
2495
2495
2491
2488
2491
2495
2495
2499
2492
2491
2488
2491
2496
2495
2499
2492
2495
2492
2500
2500
2496
2491
2488
2491
2491
2491
2491
2495
2492
2491
2495
2492
2492
2496
2495
2492
2495
2492
2496
2492
2492
2488
2491
2492
2496
2491
2492
2495
2491
2491
2492
2492
2488
2487
2488
2492
2491
2488
2488
2491
2492
2484
2491
2492
2496
2488
2488
2491
2492
2492
2492
2487
2491
2495
2496
2492
2492
2492
2496
2492
2491
2491
2492
2496
2496
2495
2492
2492
2495
2492
2496
2495
2496
2496
2492
2491
2492
2499
2496
2495
2491
2488
2492
2495
2495
2492
2492
2488
2492
2492
2492
2491
2492
2495
2495
2496
2495
2496
2492
2492
2491
2492
2495
2495
2488
2496
2496
2492
2488
2488
2492
2496
2492
2487
2488
2495
2499
2495
2491
2496
2496
2495
2496
2495
2492
2496
2492
2491
2491
2500
2491
2488
2491
2495
2496
2495
2492
2495
2491
2491
2491
2492
2492
2491
2491
2495
2495
2492
2496
2495
2492
2488
2487
2492
2492
2488
2491
2492
2492
2492
2488
2491
2499
2496
2495
2491
2491
2492
2496
2492
2491
