2495
2496
2496
2492
2491
2492
2495
2492
2491
2492
2499
2499
2495
2492
2492
2491
2495
2495
2492
2492
2491
2492
2492
2492
2491
2492
2495
2491
2488
2491
2491
2492
2491
2492
2495
2496
2492
2487
2492
2495
2496
2491
2492
2499
2491
2492
2492
2495
2495
2491
2491
2495
2491
2495
2495
2496
2492
2488
2491
2499
2496
2491
2492
2492
2491
2491
2495
2495
2495
2491
2491
2495
2495
2496
2492
2488
2492
2496
2495
2496
2491
2491
2495
2492
2495
2491
2488
2492
2491
2491
2488
2492
2496
2492
2488
2492
2496
2495
2499
2492
2492
2491
2491
2491
2491
2491
2488
2491
2492
2492
2495
2492
2488
2495
2499
2496
2495
2492
2488
2488
2491
2495
2500
2495
2491
2491
2495
2496
2499
2495
2496
2500
2496
2492
2491
2492
2492
2491
2492
2495
2495
2495
2495
2495
2496
2496
2496
2492
2488
2487
2488
2492
2495
2495
2496
2492
2491
2492
2492
2495
2495
2492
2491
2492
2491
2492
2495
2496
2492
2488
2487
2495
2492
2491
2491
2491
2492
2492
2491
2487
2488
2491
2496
2491
2491
2491
2491
2492
2496
2496
2496
2487
2487
2492
2495
2491
2488
2495
2495
2492
2492
2492
2488
2495
2499
2496
2492
2492
2495
2492
2495
2492
2491
2492
2495
2495
2492
2495
2496
2495
2488
2495
2495
2488
2491
2491
2491
2492
2492
2492
2492
2495
2495
2492
2495
2491
2492
2495
2496
2491
2488
2491
2495
2495
2492
2492
2491
2488
2487
2491
2492
2492
2492
2492
2491
2487
2488
2495
2496
2499
2492
2491
2495
2495
2496
2495
2495
2495
2492
2491
2496
2496
2491
2492
2496
2499
2491
2484
2492
2495
2488
2492
2492
2492
2488
2495
2495
2492
2495
2496
2499
2495
2495
2488
2487
2495
2495
2495
2492
2491
2491
2492
2492
2488
2491
2492
2496
2491
2492
2488
2492
2495
2499
2492
2492
2488
2492
2492
2496
2495
2492
2491
2491
2495
2491
2495
2492
2496
2495
2491
2492
2492
2496
2495
2492
2496
2495
2491
2487
2492
2495
2496
2492
2491
2492
2496
2492
2488
2488
2491
2496
2492
2488
2488
2491
2495
2500
2496
2491
2491
2495
2496
2491
2491
2491
2491
2492
2496
2492
2492
2492
2491
2491
2495
2492
2495
2500
2500
2491
2491
2492
2495
2491
2495
2496
2495
2492
2495
2488
2492
2495
2495
2496
2495
2495
2492
2495
2500
2496
2491
2492
2492
2491
2488
2484
2488
2492
2488
2491
2492
2495
2495
2495
2492
2491
2488
2491
2491
2492
2495
2492
2492
2492
2495
2488
2491
2492
2492
2492
2492
2491
2495
2495
2491
2488
2491
2495
2495
2491
2492
2496
2499
2495
2500
2491
2495
2484
2496
2492
2508
2495
2491
2491
2483
2488
2479
2487
2495
2484
2487
2475
2460
2512
2376
2483
2443
2528
2428
2512
2507
2483
2523
2488
2512
2568
2483
2503
2512
2504
2523
2552
2608
2496
2519
2555
2556
2456
2531
2483
2463
2595
2515
2443
2660
2440
2527
2367
2552
2724
2276
3088
2620
1056
1771
1776
2180
1612
2084
1279
2051
2308
2084
2411
2388
2700
2299
3660
2923
1008
2695
2595
2708
1587
2035
2452
2712
2447
2503
2731
2567
2379
2727
3247
2699
1959
2628
2448
2731
2275
2424
2604
2680
2283
2787
2716
2823
2499
2948
2871
2376
2643
2587
2391
2475
2456
2448
2527
2620
2596
2600
2551
2631
2708
2503
2651
2496
2595
2476
2464
2531
2576
2687
2491
2624
2647
2699
2572
2708
2536
2480
2592
2464
2612
2464
2532
2591
2524
2564
2500
2600
2639
2668
2584
2595
2447
2639
2552
2432
2195
2720
2499
2459
2392
2559
2584
2603
2484
2527
2467
2515
2580
2472
2436
2528
2379
2684
2432
2647
2580
2403
2619
2543
2500
2627
2372
2411
2571
2427
2512
2444
2459
2635
2460
2603
2548
2536
2611
2495
2519
2579
2528
2524
2516
2424
2584
2395
2455
2495
2531
2463
2472
2564
2544
2519
2479
2656
2448
2571
2355
2524
2515
2484
2408
2427
2484
2520
2523
2620
2388
2656
2632
2380
2504
2571
2439
2432
2539
2491
2359
2532
2491
2436
2635
2440
2511
2511
2576
2555
2560
2375
2504
2496
2683
2316
2511
2484
2387
2383
2655
2404
2460
2611
2335
2672
2452
2492
2520
2575
2427
2455
2640
2532
2439
2451
2627
2527
2603
2403
2352
2491
2552
2371
2540
2459
2392
2600
2544
2520
2459
2535
2308
2675
2523
2464
2456
2459
2492
2504
2456
2367
2508
2503
2592
2491
2607
2527
2463
2619
2460
2440
2579
2407
2432
2491
2496
2323
2480
2532
2636
2412
2528
2543
2604
2511
2507
2556
2547
2355
2492
2503
2499
2440
2323
2559
2523
2532
2516
2476
2499
2575
2431
2483
2552
2436
2504
2503
2452
2476
2480
2444
2536
2427
2531
2455
2499
2475
2532
2508
2508
2336
2588
2467
2516
2488
2428
2511
2475
2515
2476
2511
2515
2575
2568
2459
2523
2384
2568
2504
2460
2479
2408
2532
2452
2515
2427
2519
2499
2531
2395
2583
2536
2524
2467
2460
2467
2539
2355
2483
2560
2396
2456
2480
2531
2523
2452
2443
2544
2528
2559
2428
2532
2468
2479
2491
2511
2511
2468
2535
2572
2527
2471
2456
2483
2464
2496
2488
2440
2423
2603
2511
2400
2535
2491
2516
2504
2400
2504
2532
2440
2551
2436
2451
2475
2499
2528
2487
2523
2476
2527
2476
2527
2460
2499
2495
2460
2547
2468
2500
2439
2492
2507
2483
2479
2556
2512
2403
2507
2504
2483
2451
2491
2503
2519
2523
2476
2512
2511
2520
2511
2519
2452
2500
2475
2480
2512
2447
2488
2479
2507
2492
2460
2500
2404
2487
2503
2496
2464
2512
2511
2519
2447
2440
2480
2460
2527
2515
2455
2447
2487
2508
2452
2539
2488
2471
2536
2499
2447
2480
2555
2427
2543
2491
2523
2408
2516
2544
2483
2463
2520
2420
2516
2512
2499
2479
2547
2488
2508
2539
2431
2444
2508
2527
2468
2503
2491
2499
2555
2459
2468
2507
2536
2436
2495
2459
2432
2459
2472
2543
2463
2488
2495
2551
2552
2436
2479
2512
2511
2464
2495
2448
2440
2504
2515
2511
2431
2444
2556
2487
2508
2467
2515
2491
2500
2515
2496
2459
2531
2507
2492
2535
2464
2468
2519
2535
2412
2527
2479
2507
2464
2436
2471
2427
2532
2452
2532
2467
2536
2519
2512
2472
2487
2500
2499
2459
2504
2423
2463
2516
2516
2428
2552
2448
2588
2487
2504
2471
2492
2488
2503
2463
2464
2463
2495
2503
2488
2516
2464
2535
2560
2484
2440
2527
2495
2519
2463
2440
2528
2459
2508
2547
2484
2511
2463
2515
2552
2500
2472
2507
2467
2475
2479
2476
2476
2436
2516
2504
2484
2492
2499
2523
2480
2476
2559
2451
2483
2528
2488
2431
2504
2475
2496
2472
2507
2472
2491
2480
2487
2523
2523
2440
2520
2520
2464
2496
2512
2488
2475
2500
2456
2535
2504
2487
2527
2492
2467
2451
2528
2484
2491
2503
2496
2471
2560
2487
2495
2503
2515
2492
2504
2468
2491
2451
2495
2456
2484
2484
2479
2527
2512
2516
2519
2463
2488
2547
2468
2512
2460
2467
2511
2471
2492
2472
2487
2508
2495
2475
2523
2480
2460
2504
2499
2523
2468
2495
2511
2520
2492
2491
2476
2504
2492
2476
2499
2527
2451
2516
2484
2540
2464
2512
2480
2520
2500
2488
2487
2515
2464
2484
2495
2491
2463
2519
2496
2507
2520
2507
2467
2512
2512
2471
2512
2496
2480
2480
2503
2504
2459
2464
2499
2479
2496
2483
2480
2499
2495
2511
2492
2491
2484
2504
2503
2495
2452
2488
2495
2519
2492
2467
2463
2471
2503
2531
2471
2471
2492
2499
2507
2500
2476
2511
2488
2536
2464
2480
2479
2531
2496
2464
2504
2492
2512
2487
2475
2495
2499
2467
2455
2531
2456
2480
2479
2519
2487
2455
2528
2495
2479
2511
2496
2487
2511
2491
2480
2508
2484
2491
2492
2488
2491
2487
2488
2499
2503
2484
2516
2480
2488
2480
2492
2471
2467
2507
2484
2508
2504
2500
2487
2515
2515
2480
2491
2511
2503
2487
2487
2483
2463
2496
2480
2468
2487
2499
2515
2504
2503
2523
2503
2520
2491
2504
2467
2488
2511
2475
2468
2488
2495
2500
2467
2536
2484
2496
2480
2471
2492
2492
2496
2480
2472
2483
2496
2491
2487
2491
2492
2511
2504
2484
2519
2463
2487
2512
2471
2476
2480
2484
2484
2503
2496
2496
2539
2504
2495
2504
2496
2495
2500
2488
2491
2483
2495
2496
2476
2480
2507
2496
2472
2479
2479
2499
2496
2496
2487
2475
2539
2536
2484
2492
2483
2507
2516
2495
2471
2479
2483
2503
2512
2475
2487
2483
2519
2511
2463
2499
2520
2499
2496
2492
2475
2476
2472
2475
2507
2468
2484
2516
2508
2491
2500
2495
2507
2508
2475
2519
2468
2484
2459
2492
2495
2484
2491
2515
2491
2504
2503
2519
2484
2508
2488
2511
2476
2487
2507
2456
2479
2507
2483
2507
2495
2488
2507
2528
2512
2463
2496
2468
2495
2507
2488
2476
2475
2504
2500
2491
2492
2488
2507
2487
2512
2496
2467
2475
2496
2487
2480
2499
2519
2475
2511
2492
2484
2511
2508
2459
2503
2492
2484
2487
2488
2491
2491
2500
2504
2471
2488
2496
2499
2523
2480
2496
2495
2491
2491
2475
2480
2491
2500
2500
2484
2504
2487
2492
2504
2504
2475
2495
2492
2495
2491
2491
2495
2483
2503
2492
2500
2476
2492
2480
2488
2508
2484
2483
2483
2496
2495
2499
2475
2492
2508
2496
2492
2487
2500
2499
2488
2492
2491
2492
2491
2512
2496
2484
2508
2484
2519
2483
2511
2488
2484
2491
2487
2488
2503
2492
2480
2499
2491
2491
2499
2504
2480
2492
2496
2507
2499
2488
2487
2468
2519
2484
2460
2503
2491
2484
2499
2488
2483
2507
2503
2487
2512
2495
2468
2492
2524
2487
2467
2496
2492
2491
2492
2480
2503
2512
2487
2496
2499
2484
2479
2507
2492
2471
2480
2491
2492
2500
2483
2496
2507
2508
2516
2503
2495
2503
2488
2488
2484
2496
2487
2487
2488
2484
2487
2496
2511
2492
2516
2492
2511
2480
2508
2483
2464
2487
2488
2508
2487
2511
2483
2512
2508
2483
2504
2495
2487
2479
2495
2484
2491
2484
2480
2492
2488
2499
2487
2499
2496
2491
2492
2495
2492
2503
2507
2492
2511
2483
2487
2495
2496
2491
2492
2499
2471
2500
2504
2487
2491
2503
2484
2491
2495
2492
2487
2508
2488
2488
2484
2503
2487
2491
2476
2496
2496
2496
2488
2487
2504
2492
2496
2499
2508
2487
2496
2488
2499
2495
2487
2507
2488
2492
2500
2495
2496
2488
2488
2499
2499
2484
2480
2487
2496
2480
2488
2496
2495
2475
2500
2507
2491
2476
2491
2500
2495
2492
2488
2487
2500
2507
2500
2479
2472
2492
2492
2503
2491
2476
2488
2504
2488
2491
2495
2487
2483
2507
2487
2476
2488
2499
2499
2500
2483
2500
2500
2499
2492
2488
2496
2492
2487
2495
2495
2464
2492
2511
2488
2499
2496
2495
2503
2491
2491
2495
2491
2496
2484
2503
2495
2475
2507
2515
2500
2483
2488
2511
2499
2511
2484
2499
2476
2492
2495
2492
2476
2499
2503
2495
2496
2484
2480
2483
2508
2491
2499
2484
2488
2488
2499
2507
2483
2499
2500
2488
2483
2503
2491
2491
2500
2499
2487
2507
2487
2492
2487
2488
2496
2507
2480
2491
2492
2495
2495
2504
2500
2484
2503
2503
2499
2480
2487
2491
2496
2484
2483
2499
2487
2491
2507
2500
2500
2483
2479
2512
2487
2487
2488
2492
2496
2491
2495
2480
2492
2499
2504
2492
2488
2488
2500
2504
2491
2476
2499
2496
2483
2492
2484
2496
2504
2496
2495
2499
2491
2492
2500
2487
2491
2488
2484
2504
2492
2487
2491
2475
2504
2507
2488
2499
2496
2500
2515
2500
2500
2511
2491
2500
2496
2499
2495
2487
2484
2491
2484
2488
2508
2487
2480
2496
2483
2499
2487
2504
2484
2495
2495
2508
2483
2483
2492
2496
2491
2484
2487
2488
2495
2492
2480
2500
2491
2487
2491
2495
2487
2499
2496
2508
2483
2496
2500
2472
2484
2491
2488
2492
2483
2487
2495
2500
2499
2484
2488
2495
2480
2492
2496
2480
2479
2496
2487
2500
2500
2495
2500
2503
2484
2491
2488
2496
2480
2500
2488
2491
2496
2492
2496
2488
2491
2499
2491
2491
2488
2503
2487
2491
2491
2491
2504
2488
2483
2495
2499
2488
2495
2484
2499
2495
2487
2499
2479
2488
2484
2491
2492
2479
2504
2495
2500
2479
2500
2496
2491
2503
2488
2492
2500
2499
2499
2487
2507
2488
2495
2499
2488
2491
2495
2500
2483
2491
2495
2495
2491
2495
2495
2484
2492
2487
2495
2496
2488
2487
2492
2500
2495
2487
2483
2488
2491
2491
2503
2483
2487
2503
2496
2484
2488
2492
2496
2480
2499
2491
2483
2496
2488
2504
2495
2480
2491
2492
2487
2500
2500
2495
2491
2488
2488
2487
2479
2492
2499
2500
2496
2487
2495
2499
2491
2500
2479
2491
2496
2500
2496
2484
2499
2499
2500
2495
2492
2484
2496
2491
2495
2488
2495
2484
2499
2491
2492
2484
2492
2500
2503
2495
2495
2499
2500
2484
2495
2500
2500
2488
2483
2495
2495
2492
2491
2503
2492
2500
2487
2499
2491
2492
2496
2488
2492
2495
2491
2503
2487
2496
2499
2487
2491
2503
2488
2495
2496
2487
2496
2488
2488
2500
2488
2492
2488
2492
2504
2492
2496
2500
2483
2499
2492
2491
2496
2491
2499
2495
2480
2503
2488
2495
2499
2488
2496
2492
2488
2503
2491
2487
2483
2491
2488
2495
2492
2491
2488
2503
2492
2491
2503
2491
2491
2500
2484
2487
2492
2488
2499
2491
2496
2492
2499
2507
2496
2495
2492
2480
2500
2495
2495
2484
2499
2483
2492
2491
2500
2507
2487
2491
2499
2500
2503
2487
2492
2492
2491
2484
2492
2488
2491
2492
2492
2488
2492
2499
2492
2491
2500
2491
2480
2503
2492
2496
2488
2495
2499
2500
2491
2488
2495
2499
2491
2504
2492
2491
2487
2500
2499
2500
2484
2495
2499
2495
2488
2496
2491
2496
2496
2488
2491
2495
2500
2503
2504
2491
2491
2487
2508
2492
2491
2487
2488
2495
2492
2491
2499
2496
2491
2500
2495
2495
2492
2492
2495
2492
2496
2491
2488
2491
2491
2491
2491
2488
2496
2495
2491
2487
2496
2483
2487
2492
2499
2492
2484
2491
2492
2495
2503
2488
2496
2491
2492
2499
2496
2488
2488
2492
2491
2487
2496
2492
2491
2495
2500
2492
2491
2504
2491
2491
2496
2495
2499
2496
2483
2492
2492
2491
2483
2484
2507
2496
2488
2491
2483
2499
2488
2496
2491
2491
2492
2488
2499
2488
2491
2496
2500
2503
2491
2488
2496
2492
2496
2500
2492
2492
2491
2496
2496
2488
2492
2496
2488
2492
2488
2488
2495
2491
2499
2495
2487
2492
2496
2487
2491
2484
2496
2491
2495
2496
2488
2496
2492
2484
2496
2495
2480
2488
2496
2491
2484
2484
2496
2500
2496
2484
2500
2503
2488
2491
2500
2492
2495
2504
2491
2496
2495
2487
2495
2496
2483
2491
2503
2488
2488
2495
2504
2496
2483
2495
2495
2499
2491
2488
2499
2492
2492
2492
2487
2487
2487
2491
2495
2492
2492
2491
2496
2492
2495
2487
2500
2495
2488
2488
2496
2492
2492
2488
2495
2496
2495
2491
2491
2499
2500
2491
2495
2492
2499
2499
2492
2496
2483
2496
2504
2488
2483
2491
2499
2496
2488
2495
2488
2495
2499
2499
2487
2492
2495
2491
2492
2487
2483
2496
2492
2495
2491
2495
2487
2491
2491
2496
2492
2488
2492
2495
2500
2496
2492
2499
2491
2495
2491
2495
2492
2491
2491
2495
2495
2491
2483
2491
2496
2495
2491
2500
2495
2488
2492
2496
2496
2487
2500
2495
2495
2488
2487
2492
2499
2496
2488
2495
2496
2487
2492
2492
2500
2491
2492
2484
2496
2495
2484
2495
2499
2495
2487
2492
2488
2496
2492
2496
2484
2496
2495
2491
2508
2495
2492
2491
2495
2495
2495
2484
2495
2492
2488
2492
2487
2495
2488
2488
2495
2488
2492
2488
2487
2496
2487
2492
2495
2495
2495
2491
2495
2496
2499
2488
2499
2487
2491
2492
2488
2499
2491
2491
2496
2492
2491
2495
2487
2488
2495
2492
2491
2491
2487
2495
2503
2503
2496
2488
2491
2491
2499
2492
2488
2492
2496
2496
2487
2496
2492
2488
2487
2499
2499
2492
2491
2495
2499
2492
2488
2496
2495
2488
2487
2488
2491
2491
2488
2487
2488
2487
2492
2495
2484
2487
2484
2503
2495
2488
2483
2488
2488
2492
2491
2487
2488
2504
2495
2484
2491
2496
2495
2492
2488
2491
2491
2496
2495
2495
2492
2492
2503
2496
2492
2488
2495
2500
2499
2496
2491
2488
2488
2491
2496
2491
2492
2492
2499
2495
2496
2492
2492
2487
2487
2499
2496
2491
2492
2499
2487
2496
2491
2495
2492
2495
2496
2492
2496
2483
2495
2491
2491
2479
2492
2492
2487
2495
2487
2492
2488
2496
2496
2488
2495
2488
2491
2491
2499
2492
2491
2491
2496
2500
2503
2499
2495
2491
2488
2491
2492
2491
2484
2488
2492
2496
2495
2484
2495
2492
2492
2491
2496
2495
2487
2495
2492
2491
2484
2492
2492
2492
2495
2495
2499
2496
2495
2496
2492
2500
2496
2495
2484
2492
2499
2495
2492
2499
2491
2495
2492
2495
2491
2495
2496
2496
2495
2487
2491
2492
2492
2491
2491
2491
2488
2491
2495
2496
2491
2492
2496
2488
2496
2496
2496
2495
2499
2500
2496
2492
2488
2492
2495
2500
2495
2499
2499
2499
2496
2491
2495
2492
2499
2495
2495
2488
2495
2492
2488
2492
2492
2492
2495
2496
2491
2488
2499
2492
2495
2496
2492
2496
2492
2495
2491
2491
2496
2491
2491
2488
2495
2491
2488
2495
2495
2496
2488
2487
2496
2492
2495
2484
2500
2499
2495
2487
2488
2492
2496
2492
2495
2488
2495
2492
2496
2491
2491
2491
2492
2492
2492
2503
2492
2488
2492
2500
2496
2495
2491
2492
2491
2496
2488
2491
2495
2492
2492
2496
2499
2495
2488
2488
2491
2492
2492
2495
2492
2495
2495
2495
2491
2492
2492
2496
2499
2491
2495
2495
2492
2483
2492
2495
2492
2491
2491
2495
2484
2491
2491
2500
2492
2492
2495
2495
2484
2488
2492
2492
2492
2491
2491
2492
2495
2495
2496
2495
2492
2484
2495
2495
2491
2488
2492
2499
2483
2488
2496
2499
2495
2491
2496
2495
2495
2492
2488
2491
2491
2492
2500
2503
2500
2492
2495
2495
2492
2495
2496
2487
2484
2495
2496
2495
2496
2487
2487
2495
2492
2491
2488
2503
2496
2491
2488
2491
2492
2495
2491
2487
2492
2492
2492
2491
2488
2492
2492
2488
2488
2500
2492
2491
2491
2495
2492
2491
2495
2496
2496
2491
2487
2495
2503
2491
2491
2495
2488
2488
2495
2488
2499
2492
2488
2491
2496
2492
2491
2491
2495
2487
2496
2499
2496
2496
2488
2495
2496
2499
2499
2503
2496
2495
2496
2504
2496
2492
2491
2495
2495
2488
2491
2491
2487
2488
2492
2500
2495
2491
2488
2492
2495
2491
2496
2491
2491
2491
2492
2492
2492
2496
2495
2499
2492
2496
2492
2491
2492
2495
2492
2492
2487
2491
2492
2491
2492
2491
2495
2492
2499
2499
2492
2495
2488
2488
2488
2488
2491
2492
2491
2491
2495
2495
2487
2492
2503
2496
2491
2495
2499
2491
2492
2492
2491
2488
2488
2492
2495
2491
2492
2492
2496
2491
2487
2491
2495
2496
2491
2492
2491
2492
2488
2487
2492
2496
2495
2488
2492
2495
2492
2496
2492
2491
2492
2495
2491
2491
2492
2495
2495
2495
2495
2496
2492
2495
2495
2491
2492
2491
2492
2491
2488
2495
2491
2488
2488
2488
2491
2491
2495
2495
2496
2495
2496
2495
2495
2492
2492
2495
2492
2492
2495
2492
2496
2495
2495
2491
2492
2492
2495
2495
2491
2491
2492
2492
2491
2491
2499
2496
2499
2492
2492
2495
2495
2496
2495
2487
2496
2499
2495
2496
2495
2495
2495
2491
2492
2496
2496
2492
2491
2488
2495
2496
2484
2492
2500
2496
2492
2492
2496
2492
2496
2492
2492
2491
2496
2500
2496
2488
2488
2492
2495
2487
2491
2495
2492
2491
2488
2491
2495
2495
2496
2491
2488
2488
2495
2495
2495
2492
2491
2495
2499
2495
2492
2496
2492
2491
2504
2491
2491
2496
2492
2499
2495
2500
2495
2488
2488
2491
2495
2491
2491
2492
2492
2487
2488
2492
2491
2488
2488
2488
2495
2495
2495
2499
2491
2487
2488
2492
2491
2491
2491
2491
2495
2495
2492
2492
2487
2488
2491
2492
2488
2495
2491
2492
2496
2496
2492
2495
2496
2495
2491
2496
2495
2495
2496
2492
2488
2495
2496
2496
2495
2492
2488
2492
2492
2495
2495
2488
2491
2492
2492
2495
2499
2495
2492
2491
2495
2492
2492
2488
2488
2491
2492
2496
2496
2495
2491
2495
2495
2492
2495
2492
2495
2491
2492
2496
2495
2488
2487
2495
2496
2491
2488
2495
2492
2492
2495
2488
2492
2492
2491
2492
2488
2492
2495
2496
2495
2495
2499
2488
2487
2499
2503
2492
2488
2495
2495
2496
2491
2492
2492
2495
2499
2491
2492
2495
2491
2492
2495
2496
2496
2499
2499
2495
2492
2499
2496
2500
2491
2487
2491
2496
2492
2495
2491
2492
2491
2495
2495
2495
2488
2491
2491
2495
2499
2488
2492
2495
2495
2496
2492
2495
2496
2492
2492
2495
2487
2488
2491
2495
2491
2492
2492
2492
2496
2495
2492
2496
2503
2496
2480
2491
2496
2495
2491
2496
2496
2492
2492
2488
2500
2499
2488
2484
2492
2496
2491
2491
2491
2492
2491
2496
2499
2492
2487
2495
2499
2491
2487
2491
2499
2495
2495
2492
2492
2495
2492
2491
2492
2495
2488
2492
2484
2488
2491
2492
2495
2491
2487
2499
2499
2495
2491
2488
2491
2499
2499
2492
2492
2491
2495
2491
2491
2491
2491
2495
2499
2495
2492
2495
2495
2495
2496
2495
2496
2496
2499
2495
2491
2492
2495
2495
2495
2491
2491
2495
2491
2495
2492
2492
2488
2492
2492
2495
2488
2496
2492
2499
2495
2491
2488
2491
2492
2496
2495
2488
2491
2499
2499
2496
2492
2495
2495
2488
2488
2492
2491
2492
2492
2495
2488
2492
2496
2495
2492
2488
2488
2492
2499
2492
2487
2487
2487
2491
2496
2488
2491
2495
2496
2496
2491
2491
2491
2492
2495
2492
2491
2492
2495
2491
2492
2495
2495
2492
2495
2492
2495
2492
2495
2495
2492
2488
2496
2500
2495
2484
2495
2495
2499
2495
2495
2492
2495
2492
2495
2495
2492
2495
2499
2503
2496
2495
2495
2496
2495
2491
2492
2496
2491
2491
2496
2491
2495
2496
2495
2488
2491
2492
2496
2496
2491
2491
2495
2495
2492
2491
2491
2488
2496
2491
2488
2491
2495
2495
2491
2491
2488
2492
2495
2491
2492
2495
2495
2496
2499
2492
2491
2495
2496
2496
2496
2496
2499
2496
2495
2491
2495
2495
2492
2496
2503
2500
2491
2492
2491
2492
2496
2491
2487
2492
2495
2495
2492
2488
2492
2499
2495
2492
2492
2495
2491
2491
2488
2491
2491
2495
2496
2488
2492
2495
2495
2499
2492
2495
2488
2491
2495
2496
2496
2495
2492
2496
2492
2492
2492
2492
2496
2496
2492
2491
2491
2491
2496
2496
2496
2499
2495
2495
2496
2495
2496
2496
2496
2496
2495
2491
2492
2496
2495
2492
2492
2495
2496
2496
2495
2492
2488
2488
2495
2496
2492
2492
2488
2488
2491
2492
2491
2488
2495
2492
2492
2492
2488
2488
2491
2495
2491
2492
2491
2495
2492
2491
2484
2488
2496
2492
2492
2492
2495
2495
2491
2487
2488
2495
2495
2495
2488
2487
2491
2492
2496
2492
2491
2492
2491
2488
2491
2492
2492
2491
2491
2492
2495
2492
2492
2491
2495
2492
2496
2491
2495
2492
2484
2492
2500
2500
2500
2491
2488
2492
2491
2488
2484
2491
2495
2495
2495
2492
2492
2492
2496
2491
2491
2492
2492
2488
2487
2491
2492
2496
2491
2487
2492
2492
2492
2491
2491
2492
2495
2492
2491
2495
2495
2496
2499
2496
2492
2492
2496
2495
2499
2496
2495
2495
2496
2496
2496
2492
2495
2488
2491
2495
2492
2492
2492
2491
2495
2491
2488
2491
2488
2491
2491
2495
2500
2496
2492
2491
2495
2495
2488
2495
2495
2491
2487
2495
2499
2496
2487
2496
2499
2496
2495
2492
2495
2496
2499
2499
2495
2496
2495
2492
2495
2496
2495
2492
2503
2496
2496
2495
2492
2491
2495
2495
2491
2492
2491
2491
2496
2495
2495
2491
2488
2492
2496
2492
2488
2491
2491
2495
2495
2495
2492
2492
2496
2495
2492
2495
2495
2495
2488
2496
2495
2491
2492
2492
2496
2492
2495
2495
2495
2492
2492
2495
2496
2495
2496
2496
2499
2492
2495
2496
2495
2488
2492
2499
2496
2495
2491
2491
2491
2491
2492
2500
2495
2491
2495
2492
2492
2488
2492
2499
2495
2495
2488
2492
2496
2495
2495
2491
2491
2495
2499
2495
2491
2492
2495
2499
2495
2491
2488
2491
2496
2492
2496
2495
2495
2495
2492
2495
2491
2491
2492
2495
2495
2491
2492
2492
2488
2488
2495
2495
2495
2488
2495
2492
2491
2496
2495
2492
2496
2495
2488
2491
2495
2495
2492
2488
2491
2492
2495
2487
2496
2496
2492
2492
2491
2496
2492
2496
2495
2496
2495
2499
2492
2491
2492
2499
2500
2500
2495
2495
2495
2496
2496
2499
2495
2495
2495
2492
2492
2492
2488
2492
2492
2495
2491
2491
2492
2491
2488
2491
2487
2492
2492
2491
2492
2491
2491
2491
2492
2488
2492
2491
2488
2491
2492
2492
2487
2487
2496
2495
2492
2492
2492
2495
2495
2496
2495
2491
2491
2492
2499
2492
2488
2488
2496
2504
2499
2495
2488
2492
2492
2492
2496
2492
2496
2496
2495
2492
2491
2492
2495
2488
2488
2495
2491
2491
2491
2496
2499
2499
2495
2492
2495
2496
2491
2492
2492
2496
2492
2487
2491
2491
2495
2487
2484
2495
2495
2495
2492
2488
2491
2488
2491
2491
2491
2495
2491
2492
2491
2488
2495
2496
2488
2492
2495
2496
2495
2492
2495
2495
2495
2488
2492
2495
2492
2491
2491
2496
2495
2495
2488
2491
2491
2492
2492
2488
2492
2495
2492
2492
2491
2492
2492
2496
2496
2495
2503
2499
2492
2492
2499
2496
2495
2495
2499
2496
2496
2496
2503
2496
2495
2491
2491
2495
2495
2499
2495
2491
2495
2496
2491
2492
2491
2495
2492
2488
2495
2496
2496
2492
2491
2500
2496
2495
2492
2487
2487
2495
2496
2491
2488
2488
2495
2496
2488
2487
2488
2492
2495
2492
2499
2496
2491
2488
2495
2495
2492
2487
2484
2491
2496
2499
2492
2491
2492
2492
2491
2492
2492
2492
2492
2492
2495
2492
2492
2495
2496
2500
2496
2492
2492
2495
2496
2491
2488
2495
2495
2499
2488
2488
2492
2499
2500
2499
2492
2491
2495
2495
2492
2496
2495
2499
2496
2495
2491
2488
2495
2496
2495
2495
2495
2491
2492
2495
2495
2492
2491
2488
2491
2496
2496
2496
2492
2492
2495
2495
2499
2496
2495
2492
2495
2492
2492
2492
2496
2491
2495
2491
2492
2495
2495
2492
2495
2495
2495
2492
2495
2495
2488
2488
2492
2492
2491
2491
2496
2495
2491
2492
2499
2496
2492
2495
2491
2492
2499
2495
2491
2487
2492
2491
2488
2499
2499
2496
2495
2491
2491
2491
2491
2488
2491
2491
2488
2492
2492
2495
2491
2492
2499
2492
2492
2495
2496
2492
2495
2492
2495
2496
2492
2495
2495
2488
2492
2491
2492
2488
2492
2496
2495
2499
2492
2495
2496
2496
2492
2495
2495
2496
2495
2492
2492
2496
2496
2496
2496
2492
2491
2496
2495
2491
2492
2499
2500
2495
2491
2488
2488
2492
2491
2495
2495
2491
2488
2495
2492
2491
2491
2491
2495
2496
2488
2492
2503
2496
2495
2492
2487
2492
2499
2495
2492
2495
2495
2492
2488
2492
2496
2495
2491
2492
2495
2495
2492
2499
2495
2487
2492
2496
2495
2492
2488
2492
2496
2495
2492
2488
2488
2491
2491
2491
2492
2495
2491
2488
2488
2491
2487
2492
2491
2492
2491
2488
2495
2495
2491
2495
2499
2499
2495
2491
2495
2492
2492
2492
2496
2495
2492
2495
2499
2495
2491
2492
2496
2492
2492
2495
2495
2499
2491
2488
2491
2492
2495
2491
2495
2492
2491
2499
2491
2491
2492
2496
2499
2496
2492
2492
2495
2495
2495
2495
2499
2488
2487
2487
2495
2499
2496
2492
2492
2488
2491
2495
2496
2495
2492
2491
2496
2499
2496
2495
2499
2496
2495
2496
2495
2495
2496
2500
2495
2495
2492
2495
2495
2495
2495
2499
2499
2496
2495
2495
2492
2488
2487
2495
2499
2496
2492
2495
2492
2495
2499
2496
2495
2495
2491
2491
2495
2491
2491
2491
2492
2492
2495
2492
2492
2492
2492
2492
2495
2492
2495
2491
2492
2492
2499
2495
2495
2492
2491
2496
2499
2492
2496
2495
2491
2495
2495
2495
2491
2492
2496
2496
2496
2496
2488
2492
2492
2495
2496
2495
2491
2495
2492
2492
2487
2492
2495
2492
2495
2496
2499
2496
2495
2492
2499
2495
2492
2488
2491
2492
2499
2492
2491
2491
2491
2488
2488
2495
2496
2495
2491
2491
2491
2492
2495
2492
2492
2496
2492
2491
2491
2492
2496
2492
2491
2491
2495
2495
2492
2495
2491
2496
2491
2495
2492
2492
2492
2491
2496
2495
2491
2492
2492
2492
2491
2496
2499
2495
2495
2492
2492
2492
2492
2491
2496
2496
2495
2491
2495
2495
2495
2492
2492
2492
2491
2491
2491
2487
2492
2496
2495
2495
2492
2491
2492
2496
2492
2491
2495
2495
2495
2495
2495
2495
2495
2496
2495
2491
2496
2491
2487
2488
2492
2500
2495
2487
2491
2495
2496
2496
2491
2491
2495
2491
2488
2495
2495
2488
2488
2496
2496
2492
2495
2495
2499
2496
2491
2487
2488
2492
2496
2495
2495
2495
2495
2491
2491
2488
2484
2491
2496
2491
2491
2492
2492
2492
2492
2495
2496
2496
2500
2500
2495
2495
2500
2495
2495
2488
2491
2495
2495
2496
2492
2495
2495
2491
2491
2491
2492
2495
2496
2495
2495
2496
2496
2495
2492
2495
2495
2496
2492
2495
2495
2488
2495
2496
2496
2492
2492
2496
2495
2495
2491
2491
2491
2499
2499
2495
2491
2491
2488
2488
2492
2491
2492
2492
2495
2495
2492
2488
2488
2495
2495
2492
2492
2499
2496
2492
2495
2495
2500
2492
2488
2491
2499
2496
2492
2496
2495
2496
2495
2495
2492
2495
2499
2491
2491
2495
2495
2495
2492
2503
2499
2495
2491
2488
2492
2495
2487
2488
2496
2499
2492
2492
2496
2495
2499
2492
2487
2488
2491
2491
2487
2484
2488
2484
2484
2488
2496
2492
2487
2495
2495
2496
2491
2495
2491
2491
2492
2491
2491
2492
2492
2495
2495
2495
2496
2496
2495
2495
2496
2499
2496
2492
2492
2495
2495
2496
2499
2496
2492
2492
2492
2491
2492
2492
2492
2495
2492
2495
2495
2492
2495
2488
2491
2496
2496
2495
2492
2496
2492
2495
2492
2491
2495
2492
2495
2495
2495
2495
2492
2492
2491
2488
2491
2495
2495
2492
2491
2492
2496
2488
2492
2492
2495
2496
2495
2496
2499
2492
2495
2496
2495
2492
2495
2492
2491
2492
2496
2496
2495
2491
2491
2495
2492
2492
2488
2492
2492
2492
2492
2491
2495
2496
2492
2492
2491
2492
2492
2499
2492
2488
2488
2492
2496
2492
2492
2495
2495
2495
2491
2487
2488
2495
2500
2496
2492
2491
2492
2495
2496
2491
2492
2492
2495
2492
2492
2495
2495
2499
2495
2492
2495
2492
2495
2495
2496
2499
2495
2492
2492
2491
2492
2495
2495
2491
2492
2492
2492
2492
2495
2492
2495
2495
2495
2495
2496
2492
2492
2492
2496
2495
2496
2487
2487
2491
2499
2491
2488
2488
2495
2488
2487
2492
2488
2491
2499
2495
2495
2492
2492
2495
2492
2492
2491
2495
2491
2487
2491
2495
2495
2492
2491
2492
2495
2500
2500
2495
2488
2491
2499
2499
2492
2492
2495
2499
2499
2495
2496
2499
2496
2492
2495
2499
2495
2492
2495
2496
2496
2488
2487
2492
2496
2492
2491
2488
2495
2491
2491
2488
2492
2496
2495
2492
2487
2488
2491
2491
2492
2495
2496
2495
2492
2491
2492
2496
2492
2492
2492
2495
2495
2492
2496
2492
2495
2495
2496
2500
2500
2499
2499
2499
2496
2492
2492
2487
2491
2495
2499
2491
2495
2496
2499
2492
2492
2499
2496
2492
2495
2496
2492
2491
2488
2492
2495
2491
2491
2491
2496
2496
2495
2492
2492
2495
2488
2488
2496
2496
2496
2499
2495
2491
2492
2487
2484
2491
2491
2491
2492
2492
2492
2491
2496
2499
2499
2491
2487
2491
2496
2496
2492
2491
2492
2499
2492
2487
2492
2495
2500
2492
2492
2487
2491
2495
2492
2496
2492
2491
2491
2495
2499
2499
2495
2488
2491
2495
2496
2495
2495
2492
2495
2496
2491
2488
2491
2491
2491
2491
2492
2491
2488
2491
2492
2495
2495
2495
2492
2496
2499
2492
2495
2499
2495
2495
2496
2492
2488
2491
2495
2492
2491
2492
2492
2495
2495
2491
2492
2495
2496
2499
2496
2499
2496
2495
2499
2495
2495
2491
2499
2496
2492
2492
2488
2492
2492
2488
2491
2492
2495
2491
2491
2492
2496
2495
2488
2491
2492
2491
2492
2492
2496
2492
2495
2491
2488
2492
2499
2495
2492
2495
2491
2491
2487
2492
2492
2495
2495
2496
2491
2491
2488
2495
2492
2492
2488
2496
2496
2492
2492
2492
2491
2488
2488
2492
2495
2492
2491
2491
2495
2496
2492
2492
2492
2491
2492
2495
2496
2491
2491
2491
2492
2491
2491
2499
2503
2496
2491
2492
2495
2495
2495
2495
2495
2492
2495
2495
2496
2496
2492
2492
2495
2495
2496
2496
2496
2495
2495
2492
2495
2492
2492
2495
2495
2492
2488
2495
2496
2495
2495
2491
2495
2492
2496
2495
2496
2492
2495
2499
2496
2495
2491
2491
2488
2487
2488
2492
2495
2495
2491
2488
2496
2499
2495
2492
2491
2492
2496
2495
2492
2495
2495
2495
2495
2495
2496
2488
2491
2491
2495
2492
2492
2495
2499
2499
2495
2492
2492
2495
2492
2496
2495
2488
2491
2496
2495
2491
2491
2492
2491
2492
2492
2495
2499
2495
2491
2491
2492
2496
2495
2492
2492
2496
2499
2499
2495
2495
2495
2492
2491
2492
2492
2488
2492
2491
2499
2496
2491
2492
2492
2492
2492
2495
2495
2492
2495
2491
2499
2499
2496
2495
2492
2488
2495
2500
2495
2488
2495
2492
2483
2487
2492
2496
2491
2492
2492
2495
2495
2492
2491
2499
2495
2495
2495
2492
2496
2495
2491
2491
2495
2504
2496
2488
2488
2492
2499
2496
2495
2495
2492
2492
2496
2496
2496
2492
2495
2495
2496
2495
2492
2496
2499
2496
2495
2492
2487
2487
2491
2492
2492
2487
2492
2491
2492
2491
2492
2495
2495
2492
2492
2491
2492
2492
2492
2488
2488
2495
2492
2491
2491
2491
2496
2500
2496
2492
2492
2492
2492
2492
2495
2496
2496
2492
2495
2495
2495
2495
2492
2488
2492
2491
2491
2495
2492
2495
2488
2491
2487
2484
2487
2492
2488
2492
2492
2496
2491
2492
2491
2492
2491
2495
2488
2488
2495
2495
2496
2496
2488
2487
2491
2495
2488
2488
2492
2496
2492
2495
2491
2492
2495
2495
2492
2491
2492
2488
2495
2492
2491
2491
2492
2491
2495
2495
2492
2491
2492
2492
2492
2492
2491
2491
2491
2492
2496
2496
2499
2496
2495
2496
2491
2491
2492
2492
2495
2491
2492
2492
2492
2495
2496
2496
2492
2491
2491
2491
2492
2496
2499
2495
2495
2492
2499
2496
2495
2495
2492
2492
2492
2492
2495
2492
2492
2499
2499
2495
2488
2499
2499
2495
2487
2488
2488
2495
2492
2491
2488
2492
2492
2492
2492
2496
2492
2492
2491
2492
2495
2495
2491
2487
2491
2492
2495
2495
2491
2495
2499
2500
2495
2492
2495
2492
2492
2495
2495
2491
2492
2492
2488
2496
2495
2491
2488
2495
2492
2492
2495
2496
2495
2491
2491
2488
2492
2492
2488
2488
2492
2495
2495
2495
2492
2496
2495
2496
2495
2499
2500
2495
2496
2495
2491
2488
2491
2492
2499
2495
2492
2492
2496
2496
2495
2491
2487
2488
2495
2495
2492
2495
2499
2495
2491
2495
2496
2495
2488
2495
2495
2499
2496
2492
2491
2499
2499
2496
2496
2499
2499
2496
2495
2491
2488
2496
2496
2492
2491
2496
2495
2496
2492
2492
2491
2491
2492
2491
2487
2492
2492
2492
2492
2492
2491
2492
2491
2492
2492
2496
2491
2495
2495
2488
2491
2492
2492
2495
2492
2495
2492
2492
2492
2495
2495
2496
2495
2496
2492
2499
2496
2496
2492
2492
2495
2496
2496
2492
2492
2492
2492
2491
2492
2495
2496
2492
2492
2495
2495
2492
2495
2491
2491
2492
2491
2492
2492
2491
2492
2491
2492
2495
2492
2491
2487
2488
2484
2487
2488
2491
2487
2488
2491
2492
2484
2491
2492
2491
2491
2495
2495
2495
2491
2495
2499
2496
2495
2495
2499
2500
2495
2492
2496
2496
2499
2499
2491
2487
2488
2495
2496
2488
2491
2495
2492
2491
2488
2491
2495
2499
2492
2484
2492
2500
2499
2492
2488
2495
2495
2499
2491
2487
2488
2496
2496
2496
2491
2492
2495
2500
2496
2492
2496
2495
2496
2492
2495
2492
2496
2496
2492
2492
2491
2492
2488
2491
2491
2488
2491
2488
2491
2492
2488
2488
2491
2492
2488
2487
2487
2484
2488
2495
2495
2492
2492
2495
2496
2496
2492
2495
2496
2495
2495
2496
2495
2488
2491
2496
2495
2495
2495
2495
2492
2496
2495
2492
2496
2496
2495
2492
2492
2492
2492
2495
2495
2492
2492
2496
2496
2492
2491
2492
2492
2491
2492
2491
2496
2492
2492
2488
2499
2495
2495
2491
2496
2499
2496
2495
2492
2492
2495
2495
2495
2488
2492
2491
2491
2492
2495
2492
2488
2491
2492
2495
2491
2488
2492
2496
2492
2492
2492
2495
2495
2488
2488
2491
2492
2492
2496
2499
2496
2495
2491
2492
2492
2492
2495
2492
2492
2491
2488
2491
2492
2495
2488
2491
2492
2495
2496
2495
2491
2491
2495
2496
2495
2492
2491
2491
2492
2492
2495
2491
2495
2492
2491
2492
2495
2495
2491
2492
2495
2495
2492
2492
2488
2492
2492
2492
2491
2495
2496
2495
2492
2492
2500
2499
2495
2492
2495
2496
2496
2496
2488
2492
2496
2496
2499
2492
2496
2491
2492
2492
2491
2495
2491
2491
2488
2492
2492
2495
2491
2492
2492
2495
2499
2495
2491
2492
2492
2496
2496
2495
2499
2495
2491
2496
2499
2499
2492
2488
2495
2496
2500
2496
2499
2496
2492
2496
2492
2492
2495
2496
2500
2496
2495
2492
2495
2496
2499
2496
2491
2488
2488
2495
2495
2491
2488
2495
2496
2495
2492
2491
2491
2495
2492
2491
2492
2495
2496
2495
2492
2492
2492
2495
2488
2491
2496
2495
2491
2488
2491
2492
2488
2488
2488
2492
2495
2495
2492
2492
2492
2492
2491
2492
2495
2491
2492
2492
2492
2491
2491
2496
2492
2496
2495
2499
2500
2495
2495
2496
2499
2496
2495
2496
2499
2496
2495
2495
2492
2495
2495
2495
2492
2495
2491
2492
2491
2496
2492
2488
2491
2499
2496
2492
2492
2492
2495
2492
2488
2492
2495
2492
2492
2488
2491
2495
2495
2491
2492
2495
2492
2488
2492
2491
2492
2491
2492
2495
2496
2495
2492
2492
2495
2492
2491
2492
2495
2492
2496
2496
2492
2488
2491
2491
2492
2495
2492
2492
2491
2492
2492
2492
2496
2496
2495
2495
2496
2499
2488
2488
2496
2496
2495
2492
2495
2496
2492
2495
2495
2492
2491
2491
2492
2492
2495
2496
2495
2492
2495
2492
2496
2496
2491
2488
2492
2491
2488
2488
2496
2495
2491
2492
2491
2495
2496
2492
2491
2488
2492
2495
2492
2495
2492
2492
2492
2492
2495
2496
2492
2487
2492
2495
2499
2495
2491
2492
2492
2495
2491
2488
2495
2496
2496
2492
2491
2491
2496
2500
2492
2492
2492
2496
2492
2483
2488
2492
2500
2500
2499
2496
2492
2491
2488
2491
2491
2491
2491
2492
2492
2496
2492
2491
2488
2492
2495
2488
2488
2491
2491
2491
2499
2496
2499
2495
2491
2495
2500
2499
2492
2495
2491
2488
2492
2496
2492
2491
2488
2491
2491
2492
2492
2496
2495
2495
2496
2492
2492
2495
2495
2492
2492
2491
2496
2496
2495
2495
2491
2488
2495
2499
2492
2492
2492
2495
2496
2495
2495
2492
2495
2499
2495
2496
2496
2500
2496
2495
2496
2495
2495
2495
2499
2495
2495
2492
2491
2491
2495
2495
2499
2496
2488
2491
2492
2492
2491
2492
2495
2495
2495
2491
2492
2495
2492
2495
2496
2496
2496
2499
2492
2491
2491
2496
2500
2491
2491
2500
2499
2491
2488
2492
2495
2492
2491
2491
2495
2492
2491
2488
2492
2495
2496
2495
2492
2492
2491
2488
2492
2496
2496
2495
2492
2496
2492
2491
2491
2495
2496
2492
2488
2495
2499
2492
2496
2495
2492
2492
2491
2495
2495
2496
2495
2491
2496
2496
2491
2492
2495
2500
2496
2495
2495
2495
2492
2499
2495
2491
2500
2500
2488
2487
2491
2495
2495
2496
2495
2496
2496
2496
2492
2500
2496
2491
2491
2495
2492
2496
2496
2491
2488
2492
2491
2492
2495
2496
2499
2495
2491
2488
2491
2488
2492
2499
2496
2491
2495
2495
2491
2491
2492
2499
2499
2496
2492
2492
2496
2495
2495
2491
2492
2488
2495
2496
2492
2495
2495
2492
2495
2495
2500
2491
2496
2496
2492
2488
2491
2496
2492
2491
2495
2496
2495
2492
2492
2488
2495
2496
2492
2495
2495
2495
2496
2492
2491
2495
2495
2491
2487
2495
2495
2499
2492
2495
2492
2491
2495
2492
2488
2491
2492
2492
2491
2491
2491
2491
2492
2492
2488
2491
2495
2491
2491
2491
2499
2496
2492
2492
2495
2496
2492
2492
2495
2492
2496
2496
2495
2491
2492
2496
2492
2491
2499
2499
2492
2492
2495
2499
2499
2495
2495
2496
2495
2495
2492
2496
2495
2492
2495
2496
2491
2495
2495
2488
2488
2495
2499
2488
2484
2491
2495
2496
2491
2492
2491
2495
2495
2492
2492
2488
2492
2491
2487
2491
2495
2492
2491
2492
2495
2495
2495
2495
2492
2492
2495
2492
2488
2492
2496
2499
2499
2495
2496
2495
2499
2495
2492
2491
2492
2495
2491
2495
2492
2492
2492
2492
2495
2499
2496
2495
2491
2488
2491
2491
2491
2495
2499
2499
2492
2492
2492
2496
2495
2495
2492
2495
2496
2499
2495
2492
2495
2496
2495
2491
2492
2495
2495
2495
2492
2495
2499
2499
2492
2488
2496
2503
2503
2495
2488
2492
2492
2491
2491
2495
2495
2491
2492
2492
2491
2491
2495
2495
2491
2499
2495
2488
2492
2495
2492
2491
2495
2500
2499
2496
2492
2495
2495
2492
2495
2499
2495
2491
2495
2499
2496
2492
2488
2491
2492
2496
2492
2484
2491
2491
2496
2495
2492
2492
2492
2491
2495
2495
2496
2495
2495
2496
2496
2496
2495
2495
2495
2495
2492
2491
2492
2495
2492
2496
2503
2496
2495
2496
2492
2491
2492
2500
2496
2488
2488
2495
2496
2495
2488
2491
2492
2499
2491
2491
2491
2492
2491
2491
2496
2495
2499
2492
2496
2496
2499
2495
2491
2492
2499
2496
2492
2488
2496
2495
2495
2492
2492
2487
2491
2499
2496
2488
2495
2496
2499
2495
2488
2491
2495
2499
2492
2491
2492
2495
2496
2496
2499
2496
2492
2495
2491
2495
2492
2491
2492
2496
2495
2495
2495
2496
2492
2491
2491
2491
2488
2491
2496
2495
2495
2495
2491
2495
2500
2499
2492
2492
2499
2499
2495
2492
2492
2488
2492
2496
2495
2491
2492
2492
2495
2496
2495
2495
2492
2496
2488
2488
2492
2496
2492
2488
2495
2496
2495
2495
2492
2488
2491
2491
2491
2488
2492
2492
2491
2488
2495
2496
2496
2492
2495
2495
2492
2495
2496
2495
2488
2491
2491
2495
2492
2488
2488
2492
2492
2495
2487
2491
2492
2491
2488
2492
2500
2496
2496
2495
2495
2491
2495
2500
2495
2492
2488
2488
2495
2495
2495
2495
2491
2491
2491
2495
2495
2491
2492
2496
2492
2495
2491
2492
2496
2496
2496
2496
2499
2496
2495
2492
2492
2492
2491
2491
2492
2496
2496
2491
2488
2492
2496
2495
2491
2495
2491
2488
2491
2495
2495
2491
2492
2496
2492
2495
2499
2495
2487
2487
2496
2499
2491
2495
2492
2495
2492
2495
2496
2495
2496
2496
2495
2491
2492
2491
2492
2495
2492
2492
2492
2492
2495
2492
2495
2492
2495
2491
2491
2495
2496
2495
2499
2492
2491
2496
2495
2491
2488
2496
2495
2495
2495
2499
2496
2492
2496
2495
2492
2492
2495
2495
2495
2495
2491
2491
2491
2492
2495
2495
2492
2499
2496
2495
2499
2496
2492
2492
2495
2496
2495
2491
2491
2492
2491
2492
2491
2487
2491
2495
2492
2492
2496
2499
2488
2491
2496
2499
2496
2495
2492
2495
2496
2496
2496
2496
2495
2499
2499
2495
2492
2496
2495
2492
2495
2491
2492
2492
2495
2492
2492
2495
2499
2496
2496
2499
2492
2495
2492
2492
2492
2496
2491
2492
2495
2496
2492
2495
2496
2499
2495
2488
2492
2495
2492
2492
2496
2500
2492
2495
2496
2491
2495
2492
2496
2496
2499
2495
2491
2495
2500
2500
2499
2492
2495
2500
2500
2495
2492
2496
2496
2492
2496
2499
2499
2496
2495
2495
2492
2492
2492
2488
2492
2491
2491
2495
2496
2491
2487
2491
2499
2492
2492
2495
2488
2488
2491
2488
2488
2491
2495
2496
2492
2492
2495
2496
2492
2492
2492
2491
2492
2492
2499
2495
2492
2495
2492
2492
2495
2496
2495
2491
2488
2491
2492
2495
2491
2492
2491
2488
2491
2491
2491
2491
2492
2491
2496
2495
2491
2491
2496
2500
2500
2496
2495
2496
2492
2491
2495
2495
2492
2491
2491
2492
2496
2496
2487
2488
2491
2492
2495
2492
2488
2484
2491
2492
2495
2496
2495
2496
2495
2491
2491
2492
2488
2492
2495
2492
2492
2491
2495
2499
2496
2487
2487
2492
2492
2492
2492
2500
2496
2492
2495
2495
2495
2495
2496
2492
2492
2495
2496
2492
2491
2496
2499
2496
2495
2488
2488
2492
2495
2492
2492
2495
2495
2492
2491
2495
2496
2492
2492
2495
2499
2495
2496
2499
2500
2495
2491
2487
2492
2503
2499
2492
2491
2491
2495
2495
2492
2492
2496
2495
2492
2496
2495
2495
2491
2491
2496
2496
2495
2491
2491
2491
2491
2492
2492
2492
2495
2491
2491
2488
2491
2496
2496
2488
2488
2496
2496
2495
2495
2492
2492
2495
2496
2496
2492
2491
2491
2499
2495
2492
2492
2492
2496
2496
2495
2496
2499
2496
2495
2495
2496
2495
2492
2495
2495
2488
2492
2495
2495
2492
2492
2495
2495
2496
2496
2492
2495
2495
2495
2492
2491
2488
2492
2492
2492
2491
2496
2496
2499
2495
2488
2487
2488
2496
2495
2488
2492
2496
2496
2496
2496
2492
2491
2495
2499
2492
2495
2495
2496
2495
2496
2492
2495
2495
2496
2488
2491
2492
2495
2491
2491
2491
2496
2495
2496
2495
2492
2488
2488
2491
2496
2499
2496
2496
2492
2492
2492
2492
2495
2492
2492
2495
2495
2492
2495
2496
2496
2496
2491
2491
2492
2495
2492
2492
2492
2492
2496
2492
2495
2496
2496
2492
2492
2492
2492
2492
2492
2495
2492
2495
2496
2496
2496
2499
2499
2495
2495
2492
2491
2495
2503
2496
2492
2496
2496
2495
2492
2488
2491
2492
2495
2499
2500
2499
2492
2491
2495
2492
2492
2492
2495
2495
2488
2492
2495
2496
2495
2491
2491
2488
2492
2492
2495
2492
2495
2491
2491
2500
2496
2496
2495
2491
2496
2496
2496
2496
2499
2499
2495
2492
2496
2492
2496
2495
2496
2496
2495
2495
2491
2488
2491
2492
2492
2495
2495
2495
2487
2491
2488
2491
2492
2492
2488
2492
2491
2491
2495
2499
2496
2491
2487
2488
2492
2492
2495
2496
2499
2492
2495
2492
2492
2491
2492
2495
2496
2491
2487
2488
2496
2495
2491
2492
2488
2487
2492
2491
2492
2496
2496
2491
2488
2492
2496
2495
2495
2492
2495
2499
2496
2492
2488
2491
2492
2495
2495
2488
2491
2495
2495
2496
2495
2495
2492
2495
2496
2500
2496
2495
2492
2495
2495
2491
2491
2495
2496
2496
2496
2496
2495
2491
2488
2488
2492
2496
2495
2495
2491
2491
2492
2492
2495
2495
2492
2492
2495
2495
2496
2492
