2492
2492
2491
2495
2496
2495
2492
2492
2488
2491
2492
2496
2496
2495
2491
2491
2495
2496
2492
2495
2496
2492
2492
2492
2496
2492
2491
2488
2491
2496
2495
2495
2491
2484
2488
2496
2491
2484
2484
2492
2491
2484
2488
2491
2492
2492
2491
2495
2491
2492
2495
2496
2495
2495
2492
2491
2492
2495
2491
2488
2492
2492
2491
2492
2492
2495
2488
2487
2491
2496
2496
2495
2491
2491
2492
2492
2496
2492
2491
2491
2495
2495
2491
2487
2487
2488
2492
2488
2492
2491
2492
2495
2491
2491
2491
2491
2491
2488
2491
2496
2495
2491
2487
2492
2496
2495
2488
2492
2492
2492
2492
2495
2495
2495
2488
2491
2491
2491
2491
2488
2491
2495
2495
2492
2495
2496
2488
2488
2492
2495
2495
2495
2495
2492
2492
2492
2495
2491
2484
2487
2492
2496
2496
2487
2488
2491
2491
2488
2492
2496
2492
2492
2487
2487
2495
2496
2495
2491
2488
2492
2492
2491
2488
2499
2492
2491
2492
2492
2495
2496
2496
2492
2496
2495
2496
2495
2492
2492
2496
2492
2496
2492
2491
2488
2491
2488
2491
2492
2495
2492
2488
2492
2495
2492
2492
2492
2495
2496
2492
2492
2495
2491
2492
2495
2492
2488
2491
2492
2491
2488
2488
2491
2492
2496
2496
2492
2499
2495
2492
2496
2495
2495
2495
2496
2495
2495
2496
2495
2492
2492
2495
2495
2499
2496
2491
2495
2491
2499
2495
2495
2491
2495
2495
2492
2495
2500
2492
2491
2491
2492
2492
2491
2495
2492
2495
2495
2492
2488
2491
2492
2492
2495
2496
2496
2496
2495
2491
2495
2496
2496
2491
2491
2495
2495
2488
2491
2492
2496
2495
2491
2496
2492
2488
2487
2491
2492
2499
2499
2495
2492
2499
2499
2495
2492
2492
2492
2491
2492
2492
2492
2492
2495
2492
2492
2495
2492
2492
2495
2495
2491
2491
2491
2492
2492
2499
2495
2488
2488
2492
2495
2495
2495
2495
2488
2487
2492
2495
2492
2496
2495
2491
2491
2495
2496
2495
2496
2492
2491
2487
2491
2488
2492
2495
2488
2487
2492
2496
2491
2487
2491
2492
2492
2491
2491
2492
2492
2495
2495
2495
2492
2496
2500
2495
2488
2488
2492
2496
2492
2491
2492
2492
2496
2499
2496
2491
2487
2488
2492
2491
2488
2488
2488
2488
2488
2495
2495
2491
2487
2488
2495
2492
2492
2495
2488
2491
2492
2492
2495
2495
2491
2491
2492
2492
2488
2491
2492
2487
2487
2491
2496
2495
2487
2487
2484
2488
2491
2499
2499
2496
2491
2496
2492
2484
2491
2492
2475
2471
2472
2487
2484
2491
2499
2495
2495
2491
2487
2484
2476
2488
2495
2496
2504
2500
2488
2476
2492
2484
2484
2500
2496
2528
2531
2507
2531
2524
2495
2480
2484
2495
2515
2563
2555
2564
2543
2532
2548
2520
2512
2507
2504
2500
2515
2524
2492
2480
2468
2428
2427
2419
2420
2407
2408
2427
2455
2467
2475
2484
2492
2480
2479
2468
2468
2460
2459
2447
2475
2499
2532
2579
2676
3028
3239
3135
2867
2500
1767
1036
1520
2711
2479
2504
2864
2843
2852
2824
2703
2447
2072
2112
2216
2424
2460
2556
2667
2732
2971
3131
2800
2423
2207
2047
2184
2296
2351
2339
2064
2096
1916
1759
1951
2207
2336
2332
2479
2587
2543
2731
2835
2887
2859
2807
2812
2852
2855
2784
2844
2792
2799
2739
2724
2668
2596
2520
2423
2408
2340
2432
2447
2379
2408
2375
2384
2427
2508
2528
2576
2584
2531
2616
2639
2652
2652
2675
2671
2676
2684
2627
2572
2491
2496
2532
2508
2467
2467
2408
2288
2288
2328
2336
2303
2316
2312
2372
2455
2480
2531
2508
2456
2391
2415
2440
2512
2551
2576
2607
2547
2536
2484
2420
2335
2308
2432
2596
2456
2403
2575
2431
2388
2328
2324
2280
2304
2379
2404
2551
2568
2575
2456
2419
2412
2508
2551
2555
2552
2576
2467
2399
2491
2636
2708
2800
2564
2340
2348
2380
2424
2483
2511
2532
2536
2472
2583
2544
2356
2323
2528
2455
2480
2479
2559
2572
2540
2543
2512
2588
2547
2547
2640
2652
2684
2600
2616
2543
2571
2603
2492
2288
2532
2323
2627
2644
2491
2563
2520
2504
2547
2499
2460
2492
2584
2640
2583
2483
2552
2367
2412
2588
2687
2699
2528
2479
2467
2227
2272
2459
2328
2468
2603
2587
2479
2511
2352
2236
2199
2240
2327
2519
2523
2543
2547
2400
2464
2487
2535
2360
2264
2384
2319
2367
2443
2415
2479
2456
2464
2507
2411
2511
2519
2527
2539
2475
2347
2287
2355
2371
2496
2520
2563
2584
2592
2563
2516
2624
2552
2468
2488
2415
2459
2512
2655
2624
2671
2576
2567
2600
2475
2472
2423
2408
2419
2424
2540
2576
2543
2559
2536
2488
2524
2544
2599
2579
2627
2648
2576
2476
2571
2583
2547
2543
2599
2687
2703
2636
2455
2484
2523
2511
2524
2572
2595
2587
2632
2567
2403
2423
2387
2355
2403
2384
2368
2492
2476
2423
2308
2367
2420
2428
2340
2360
2236
2159
2280
2379
2476
2512
2500
2552
2547
2447
2511
2516
2439
2503
2556
2455
2424
2467
2399
2515
2544
2491
2427
2483
2432
2443
2371
2428
2467
2383
2407
2475
2448
2571
2639
2580
2532
2511
2544
2500
2479
2535
2531
2635
2700
2632
2631
2632
2576
2615
2555
2604
2572
2523
2543
2511
2436
2388
2471
2488
2551
2531
2436
2396
2440
2476
2500
2587
2492
2468
2491
2435
2476
2468
2379
2500
2580
2544
2564
2599
2596
2551
2487
2435
2408
2435
2464
2536
2520
2531
2567
2596
2468
2428
2392
2379
2507
2472
2451
2436
2451
2452
2511
2468
2571
2576
2532
2400
2428
2395
2407
2395
2420
2420
2416
2463
2480
2547
2611
2535
2420
2472
2508
2584
2568
2548
2544
2479
2568
2527
2627
2639
2616
2487
2456
2407
2347
2468
2507
2519
2416
2391
2376
2364
2363
2408
2367
2407
2451
2460
2468
2472
2591
2603
2607
2584
2596
2548
2567
2608
2476
2548
2547
2516
2523
2516
2499
2551
2575
2488
2415
2439
2451
2435
2468
2440
2519
2551
2523
2540
2508
2528
2559
2511
2463
2456
2423
2383
2440
2507
2427
2479
2456
2443
2492
2488
2528
2519
2563
2540
2511
2592
2540
2555
2519
2555
2492
2488
2575
2555
2475
2520
2511
2479
2452
2483
2488
2452
2471
2451
2452
2435
2439
2491
2475
2495
2511
2516
2543
2520
2523
2544
2492
2480
2455
2480
2483
2500
2548
2523
2528
2576
2499
2467
2447
2411
2395
2423
2452
2484
2544
2532
2516
2519
2459
2463
2456
2435
2416
2460
2439
2467
2471
2439
2428
2448
2440
2404
2427
2452
2484
2520
2528
2520
2523
2572
2592
2567
2519
2492
2500
2511
2523
2523
2531
2491
2444
2463
2484
2564
2535
2500
2463
2496
2499
2468
2519
2500
2491
2519
2516
2468
2472
2495
2483
2475
2440
2479
2495
2543
2543
2512
2496
2427
2439
2436
2511
2548
2544
2567
2508
2504
2527
2507
2535
2500
2491
2556
2648
2643
2576
2516
2496
2491
2420
2439
2500
2480
2547
2535
2483
2532
2559
2507
2432
2440
2436
2495
2491
2479
2472
2432
2451
2507
2519
2463
2459
2484
2456
2440
2436
2459
2452
2496
2455
2500
2403
2383
2499
2459
2539
2536
2515
2536
2543
2527
2491
2479
2444
2456
2484
2543
2560
2499
2467
2436
2423
2399
2435
2464
2475
2464
2487
2455
2440
2499
2496
2484
2504
2443
2464
2507
2547
2524
2524
2531
2527
2544
2527
2536
2543
2532
2580
2559
2456
2415
2455
2443
2468
2516
2504
2455
2460
2428
2527
2564
2511
2483
2452
2467
2492
2427
2403
2415
2444
2471
2472
2468
2471
2447
2416
2452
2500
2540
2543
2600
2575
2591
2539
2508
2516
2571
2556
2615
2595
2604
2584
2583
2563
2564
2536
2536
2460
2476
2539
2539
2539
2487
2476
2415
2443
2448
2407
2412
2400
2400
2395
2411
2432
2412
2455
2452
2480
2479
2480
2484
2499
2471
2472
2472
2483
2496
2512
2535
2544
2564
2499
2487
2512
2512
2512
2503
2512
2548
2475
2463
2503
2548
2552
2576
2488
2487
2451
2400
2455
2452
2488
2496
2543
2547
2487
2443
2464
2468
2480
2499
2475
2516
2539
2528
2519
2492
2459
2427
2443
2483
2511
2500
2507
2484
2468
2443
2488
2471
2467
2455
2460
2503
2476
2463
2472
2475
2448
2475
2496
2496
2488
2491
2519
2508
2520
2524
2519
2519
2483
2495
2511
2523
2523
2503
2488
2508
2499
2504
2535
2527
2487
2500
2476
2523
2520
2551
2559
2527
2544
2532
2504
2483
2487
2480
2492
2507
2512
2532
2484
2471
2495
2463
2492
2499
2472
2475
2512
2495
2504
2519
2475
2483
2471
2475
2459
2467
2471
2475
2467
2452
2467
2443
2423
2448
2443
2436
2431
2443
2475
2448
2452
2476
2500
2495
2499
2511
2515
2500
2507
2511
2523
2532
2527
2492
2503
2527
2492
2500
2515
2535
2555
2516
2515
2476
2444
2479
2516
2512
2524
2528
2499
2500
2480
2492
2500
2511
2500
2475
2436
2476
2452
2459
2440
2456
2491
2508
2499
2476
2488
2472
2499
2499
2528
2520
2520
2488
2500
2508
2488
2476
2500
2520
2516
2476
2491
2500
2516
2528
2535
2535
2528
2504
2460
2444
2479
2495
2508
2500
2492
2524
2512
2504
2487
2511
2511
2492
2512
2551
2535
2507
2488
2487
2483
2476
2488
2487
2483
2491
2468
2475
2508
2511
2487
2460
2476
2491
2503
2512
2531
2523
2511
2484
2467
2452
2459
2444
2451
2464
2440
2423
2431
2419
2432
2443
2444
2460
2472
2479
2484
2512
2484
2484
2483
2448
2460
2491
2515
2508
2520
2536
2515
2508
2516
2507
2476
2519
2532
2527
2535
2556
2551
2539
2536
2543
2532
2516
2520
2507
2519
2507
2507
2476
2456
2468
2480
2476
2468
2476
2500
2463
2475
2455
2460
2484
2468
2468
2459
2472
2496
2487
2467
2476
2484
2456
2463
2492
2508
2536
2535
2528
2523
2527
2539
2536
2520
2527
2508
2512
2556
2555
2532
2516
2495
2471
2472
2483
2459
2484
2460
2471
2492
2472
2487
2491
2488
2488
2500
2504
2515
2488
2484
2500
2484
2499
2488
2503
2503
2484
2483
2499
2480
2471
2476
2488
2476
2475
2459
2471
2476
2464
2467
2455
2483
2491
2468
2463
2471
2439
2448
2479
2479
2479
2499
2507
2495
2512
2503
2503
2488
2508
2531
2508
2524
2528
2520
2515
2524
2539
2519
2523
2507
2508
2536
2532
2507
2483
2495
2516
2520
2500
2472
2476
2451
2435
2443
2472
2459
2484
2484
2496
2499
2496
2499
2487
2460
2471
2471
2480
2499
2492
2520
2519
2496
2500
2496
2511
2496
2491
2499
2495
2495
2496
2527
2516
2511
2487
2472
2503
2504
2495
2499
2483
2496
2483
2495
2484
2487
2460
2472
2476
2484
2488
2487
2500
2512
2512
2543
2528
2511
2516
2531
2512
2507
2511
2508
2527
2540
2531
2515
2519
2508
2508
2476
2488
2471
2451
2460
2436
2436
2431
2443
2423
2447
2448
2443
2464
2456
2463
2475
2491
2476
2471
2500
2492
2484
2483
2508
2531
2532
2543
2536
2516
2520
2507
2527
2511
2468
2468
2499
2500
2483
2495
2479
2476
2444
2452
2480
2496
2487
2471
2495
2512
2487
2496
2499
2503
2507
2535
2536
2532
2520
2495
2519
2508
2520
2531
2523
2507
2507
2512
2508
2512
2519
2499
2488
2479
2480
2496
2504
2512
2507
2499
2492
2479
2476
2491
2484
2479
2467
2448
2467
2483
2479
2483
2484
2476
2472
2467
2488
2512
2507
2508
2500
2512
2508
2508
2488
2504
2523
2503
2524
2516
2495
2491
2487
2496
2507
2503
2512
2492
2479
2471
2471
2480
2491
2480
2484
2491
2496
2492
2492
2496
2480
2464
2463
2475
2471
2499
2491
2479
2467
2452
2452
2452
2460
2463
2463
2471
2472
2496
2495
2476
2484
2503
2504
2503
2516
2503
2476
2475
2480
2483
2487
2479
2487
2508
2496
2500
2507
2499
2495
2484
2484
2484
2495
2499
2492
2500
2504
2516
2519
2519
2532
2508
2511
2519
2531
2528
2531
2524
2499
2499
2503
2507
2507
2516
2508
2515
2511
2492
2495
2496
2487
2491
2491
2500
2491
2476
2508
2487
2488
2488
2499
2500
2488
2496
2496
2484
2487
2508
2487
2480
2476
2488
2495
2488
2476
2480
2484
2492
2480
2484
2503
2504
2496
2504
2507
2500
2483
2475
2487
2480
2483
2492
2508
2499
2496
2487
2475
2483
2480
2467
2476
2480
2479
2456
2471
2483
2484
2476
2476
2479
2480
2487
2476
2488
2496
2503
2508
2500
2504
2500
2500
2499
2483
2487
2507
2492
2492
2471
2484
2484
2484
2495
2500
2495
2479
2495
2508
2503
2483
2491
2512
2512
2516
2500
2487
2496
2511
2511
2515
2520
2528
2508
2499
2496
2508
2508
2512
2512
2523
2523
2507
2484
2484
2492
2507
2503
2496
2496
2492
2503
2511
2503
2472
2483
2488
2492
2487
2496
2488
2476
2487
2484
2487
2484
2483
2479
2484
2491
2495
2475
2479
2491
2484
2476
2492
2500
2479
2467
2472
2464
2456
2483
2487
2491
2492
2503
2500
2492
2484
2487
2499
2499
2500
2491
2492
2492
2500
2495
2495
2496
2483
2480
2492
2500
2508
2504
2507
2519
2512
2511
2515
2520
2508
2512
2508
2511
2511
2508
2507
2499
2487
2499
2487
2503
2492
2491
2492
2487
2480
2479
2483
2492
2491
2491
2492
2487
2495
2487
2488
2488
2495
2491
2480
2472
2496
2483
2479
2488
2492
2495
2487
2483
2491
2499
2491
2487
2484
2483
2484
2504
2523
2515
2507
2500
2516
2512
2500
2496
2496
2492
2479
2488
2500
2503
2496
2484
2487
2479
2479
2475
2479
2479
2479
2476
2488
2484
2475
2483
2476
2475
2491
2487
2472
2479
2472
2480
2488
2483
2503
2524
2500
2500
2503
2495
2500
2496
2503
2503
2499
2492
2503
2504
2495
2492
2487
2484
2476
2479
2476
2480
2484
2487
2492
2496
2499
2504
2503
2503
2495
2488
2504
2503
2503
2504
2512
2515
2511
2507
2500
2492
2492
2488
2500
2499
2492
2491
2492
2479
2483
2491
2487
2468
2484
2491
2487
2483
2488
2492
2491
2476
2492
2491
2484
2492
2495
2500
2515
2504
2491
2492
2499
2504
2488
2507
2508
2503
2491
2491
2499
2492
2500
2503
2503
2504
2512
2511
2504
2492
2484
2484
2496
2492
2499
2491
2488
2496
2504
2491
2487
2495
2496
2483
2480
2488
2500
2500
2492
2484
2484
2504
2503
2496
2503
2499
2496
2491
2488
2480
2491
2500
2492
2495
2487
2488
2476
2476
2479
2468
2480
2483
2480
2484
2503
2496
2496
2495
2496
2476
2467
2476
2483
2491
2503
2516
2516
2519
2507
2500
2503
2495
2499
2496
2491
2500
2520
2523
2516
2500
2492
2492
2488
2499
2492
2483
2488
2508
2504
2503
2511
2499
2492
2480
2479
2487
2487
2484
2472
2472
2468
2463
2467
2471
2471
2472
2487
2483
2483
2484
2480
2484
2484
2488
2491
2487
2488
2499
2500
2495
2499
2495
2491
2495
2491
2495
2499
2512
2508
2500
2492
2480
2488
2496
2508
2504
2495
2503
2503
2499
2496
2500
2504
2496
2495
2491
2500
2499
2495
2495
2491
2495
2499
2488
2492
2492
2496
2496
2487
2499
2499
2496
2492
2492
2487
2492
2499
2500
2492
2488
2483
2487
2492
2496
2487
2487
2488
2484
2484
2472
2484
2480
2480
2488
2488
2492
2495
2496
2491
2496
2499
2496
2507
2507
2503
2495
2499
2503
2507
2503
2503
2500
2496
2496
2507
2511
2495
2491
2491
2487
2483
2476
2495
2492
2487
2488
2500
2499
2491
2483
2495
2495
2480
2488
2492
2488
2491
2484
2491
2500
2500
2488
2492
2491
2488
2484
2488
2499
2500
2500
2496
2495
2495
2499
2491
2484
2480
2480
2479
2484
2479
2483
2479
2480
2484
2484
2487
2484
2476
2476
2480
2492
2499
2495
2495
2500
2500
2503
2503
2500
2508
2512
2511
2516
2508
2504
2512
2507
2500
2503
2500
2491
2503
2504
2503
2504
2495
2492
2484
2476
2468
2483
2484
2492
2491
2488
2488
2484
2484
2495
2491
2484
2483
2480
2480
2480
2488
2491
2488
2503
2503
2504
2507
2495
2487
2487
2492
2499
2503
2511
2512
2504
2503
2503
2508
2492
2495
2503
2495
2487
2496
2500
2488
2484
2479
2487
2487
2492
2484
2483
2483
2487
2480
2487
2484
2483
2480
2479
2487
2483
2479
2480
2483
2487
2491
2488
2495
2495
2491
2491
2487
2484
2487
2500
2500
2495
2492
2492
2500
2503
2492
2488
2491
2491
2492
2499
2496
2495
2492
2487
2484
2492
2500
2500
2496
2492
2499
2500
2504
2503
2500
2499
2507
2499
2504
2504
2504
2503
2500
2492
2491
2492
2496
2495
2495
2488
2496
2496
2492
2488
2483
2488
2496
2495
2495
2492
2496
2499
2499
2496
2492
2488
2499
2496
2492
2492
2484
2492
2492
2488
2487
2483
2483
2484
2484
2491
2487
2488
2491
2495
2491
2480
2484
2480
2496
2499
2499
2503
2507
2507
2507
2500
2499
2492
2495
2499
2488
2488
2484
2483
2483
2484
2491
2495
2488
2487
2492
2488
2495
2492
2495
2492
2495
2492
2492
2495
2487
2484
2487
2499
2500
2499
2496
2492
2492
2495
2499
2500
2495
2495
2499
2499
2499
2496
2492
2495
2495
2491
2491
2488
2484
2484
2484
2492
2495
2496
2499
2492
2487
2479
2483
2488
2499
2492
2488
2496
2492
2484
2484
2488
2492
2492
2487
2492
2492
2496
2499
2488
2499
2507
2507
2496
2499
2503
2496
2496
2503
2507
2504
2507
2496
2495
2496
2492
2495
2500
2504
2496
2488
2495
2495
2491
2483
2484
2491
2495
2492
2488
2491
2484
2495
2500
2499
2492
2487
2488
2488
2484
2480
2488
2491
2483
2484
2492
2487
2480
2484
2488
2492
2487
2480
2480
2487
2492
2500
2499
2491
2488
2492
2492
2488
2492
2487
2492
2496
2492
2499
2492
2499
2500
2496
2492
2495
2491
2488
2487
2483
2491
2496
2496
2492
2496
2491
2491
2488
2487
2484
2484
2492
2499
2492
2492
2492
2496
2495
2491
2499
2492
2491
2491
2495
2491
2499
2500
2504
2500
2487
2491
2496
2499
2499
2492
2487
2484
2492
2495
2500
2496
2492
2496
2492
2491
2491
2496
2500
2495
2495
2500
2500
2499
2491
2487
2484
2488
2483
2487
2483
2483
2484
2491
2487
2484
2487
2495
2491
2491
2492
2492
2495
2491
2495
2491
2492
2491
2487
2487
2491
2488
2491
2495
2499
2499
2496
2495
2496
2492
2488
2492
2495
2495
2495
2492
2496
2496
2495
2491
2484
2484
2484
2483
2491
2495
2496
2491
2496
2496
2495
2491
2500
2499
2500
2499
2492
2500
2499
2499
2499
2504
2507
2496
2500
2491
2496
2496
2499
2492
2487
2492
2488
2487
2491
2487
2484
2487
2488
2495
2500
2495
2491
2495
2500
2492
2495
2503
2496
2484
2488
2488
2495
2492
2491
2487
2487
2495
2491
2488
2484
2484
2492
2495
2495
2491
2487
2488
2491
2492
2492
2500
2496
2495
2496
2503
2499
2499
2496
2495
2491
2491
2499
2499
2496
2488
2488
2492
2499
2500
2495
2488
2492
2488
2495
2492
2496
2495
2495
2491
2495
2495
2484
2488
2495
2488
2488
2491
2484
2480
2480
2484
2487
2488
2480
2476
2480
2491
2492
2487
2487
2492
2491
2491
2492
2492
2492
2491
2492
2496
2499
2496
2499
2500
2495
2492
2492
2496
2492
2492
2503
2492
2487
2488
2495
2500
2504
2500
2499
2504
2499
2491
2495
2496
2499
2492
2491
2496
2500
2500
2492
2491
2499
2496
2492
2492
2492
2495
2491
2492
2491
2487
2487
2488
2492
2495
2491
2487
2487
2487
2492
2492
2488
2487
2484
2487
2483
2484
2488
2491
2487
2483
2483
2483
2488
2495
2496
2496
2495
2500
2503
2500
2496
2491
2484
2491
2488
2492
2499
2499
2495
2491
2496
2496
2487
2488
2496
2488
2491
2495
2500
2499
2491
2491
2492
2495
2496
2496
2495
2495
2492
2491
2487
2492
2500
2503
2492
2495
2492
2492
2496
2492
2495
2488
2484
2492
2491
2492
2483
2487
2492
2492
2487
2484
2483
2484
2495
2491
2488
2495
2496
2496
2491
2492
2495
2491
2487
2492
2495
2491
2492
2492
2495
2499
2499
2499
2495
2492
2488
2491
2491
2492
2495
2499
2495
2491
2491
2495
2495
2491
2492
2495
2495
2495
2484
2483
2487
2487
2491
2488
2491
2487
2484
2488
2495
2492
2496
2495
2491
2484
2488
2496
2496
2500
2504
2496
2499
2500
2496
2499
2496
2500
2495
2496
2499
2496
2492
2492
2496
2495
2496
2495
2491
2495
2495
2492
2499
2492
2488
2495
2503
2495
2491
2488
2484
2491
2492
2495
2495
2491
2492
2492
2492
2491
2492
2492
2487
2492
2499
2491
2495
2487
2491
2496
2499
2499
2496
2499
2495
2492
2492
2495
2495
2496
2496
2492
2487
2483
2488
2487
2487
2483
2483
2484
2487
2495
2492
2491
2491
2495
2496
2495
2491
2488
2492
2495
2499
2500
2500
2499
2491
2492
2495
2492
2495
2496
2495
2492
2495
2500
2499
2495
2491
2484
2492
2492
2495
2496
2492
2491
2492
2492
2488
2487
2488
2487
2487
2487
2488
2488
2492
2495
2491
2487
2491
2491
2492
2491
2495
2499
2495
2495
2492
2496
2495
2487
2484
2495
2495
2491
2484
2488
2495
2492
2487
2491
2496
2492
2491
2492
2496
2496
2496
2496
2499
2496
2496
2495
2491
2495
2499
2500
2504
2500
2496
2495
2488
2487
2488
2492
2495
2492
2488
2487
2487
2487
2484
2492
2491
2488
2487
2492
2484
2484
2488
2488
2487
2488
2487
2488
2488
2483
2484
2488
2487
2491
2491
2488
2487
2491
2492
2492
2495
2492
2491
2499
2500
2499
2496
2492
2496
2500
2500
2499
2496
2492
2499
2496
2492
2491
2491
2495
2495
2495
2500
2503
2495
2492
2496
2495
2495
2496
2491
2491
2496
2492
2491
2495
2495
2495
2491
2495
2491
2491
2492
2495
2495
2491
2492
2496
2499
2499
2500
2499
2491
2492
2495
2492
2495
2488
2492
2495
2491
2487
2492
2488
2488
2495
2492
2492
2491
2492
2492
2496
2492
2487
2487
2488
2488
2491
2491
2491
2491
2496
2499
2491
2487
2491
2492
2495
2491
2491
2499
2496
2495
2496
2495
2492
2491
2492
2499
2492
2491
2491
2495
2492
2492
2492
2492
2491
2488
2488
2491
2487
2487
2488
2488
2488
2492
2487
2487
2488
2491
2488
2496
2496
2496
2495
2495
2495
2496
2499
2503
2496
2492
2492
2487
2491
2495
2496
2495
2488
2491
2491
2495
2492
2491
2491
2488
2495
2495
2496
2488
2492
2496
2492
2492
2500
2503
2499
2495
2503
2504
2500
2500
2499
2496
2500
2500
2496
2499
2495
2492
2491
2488
2491
2491
2491
2484
2480
2487
2491
2487
2488
2492
2487
2487
2487
2484
2488
2492
2491
2487
2484
2491
2496
2499
2496
2495
2495
2492
2488
2492
2495
2495
2495
2496
2491
2492
2495
2492
2492
2491
2488
2488
2492
2495
2499
2491
2491
2488
2492
2496
2496
2495
2491
2488
2487
2488
2491
2491
2488
2488
2495
2491
2492
2499
2492
2496
2496
2499
2495
2491
2491
2492
2496
2496
2496
2499
2495
2496
2496
2496
2499
2492
2487
2492
2499
2499
2499
2496
2496
2495
2492
2495
2495
2491
2492
2491
2491
2491
2496
2495
2496
2491
2491
2487
2488
2491
2495
2495
2495
2492
2492
2495
2500
2500
2491
2492
2496
2499
2499
2495
2492
2495
2496
2499
2496
2491
2492
2492
2491
2492
2492
2491
2491
2491
2488
2487
2488
2488
2492
2487
2488
2488
2491
2488
2491
2488
2488
2488
2488
2492
2496
2496
2500
2499
2492
2491
2491
2492
2495
2491
2488
2492
2495
2492
2495
2496
2492
2492
2492
2500
2496
2492
2496
2496
2496
2496
2495
2492
2492
2495
2496
2495
2496
2495
2495
2491
2488
2492
2495
2491
2488
2488
2487
2492
2496
2495
2488
2484
2491
2492
2496
2496
2492
2496
2492
2495
2492
2499
2492
2488
2491
2496
2495
2492
2491
2496
2495
2492
2488
2491
2492
2492
2492
2495
2492
2492
2492
2499
2495
2491
2492
2495
2495
2499
2496
2495
2492
2495
2495
2495
2499
2500
2500
2492
2492
2500
2496
2491
2484
2492
2499
2496
2492
2495
2487
2492
2491
2492
2492
2492
2488
2488
2488
2495
2495
2495
2495
2499
2503
2496
2496
2496
2496
2496
2495
2496
2496
2496
2496
2496
2496
2495
2487
2488
2491
2495
2492
2492
2491
2491
2495
2492
2492
2492
2492
2491
2496
2491
2487
2492
2495
2492
2491
2495
2492
2488
2484
2487
2491
2491
2492
2492
2491
2492
2487
2488
2488
2487
2491
2492
2491
2492
2491
2495
2495
2491
2487
2492
2492
2488
2492
2492
2491
2492
2491
2491
2496
2491
2495
2495
2491
2491
2492
2496
2491
2488
2492
2495
2492
2496
2495
2495
2496
2500
2499
2495
2488
2496
2495
2495
2491
2491
2488
2496
2500
2499
2496
2492
2496
2492
2495
2492
2495
2492
2491
2499
2495
2487
2488
2492
2495
2495
2488
2491
2495
2499
2499
2496
2500
2491
2491
2491
2491
2496
2495
2496
2492
2492
2491
2491
2495
2496
2495
2488
2488
2488
2495
2491
2488
2488
2491
2495
2496
2495
2488
2487
2492
2491
2491
2491
2495
2496
2488
2492
2495
2496
2495
2492
2492
2496
2495
2495
2503
2496
2496
2500
2500
2496
2492
2492
2488
2492
2499
2499
2499
2495
2495
2495
2495
2496
2495
2496
2491
2492
2495
2495
2492
2491
2495
2492
2496
2495
2491
2492
2491
2491
2495
2496
2491
2491
2496
2496
2495
2492
2492
2492
2491
2491
2496
2492
2492
2496
2500
2500
2496
2499
2496
2492
2495
2492
2495
2495
2499
2500
2499
2492
2492
2495
2491
2492
2500
2500
2495
2488
2487
2491
2491
2491
2488
2491
2491
2488
2488
2484
2488
2488
2492
2488
2492
2495
2495
2495
2495
2495
2492
2492
2491
2495
2492
2488
2491
2496
2495
2491
2492
2495
2492
2488
2495
2496
2491
2491
2491
2488
2495
2491
2491
2488
2496
2495
2488
2488
2495
2499
2495
2495
2495
2496
2496
2492
2492
2495
2491
2495
2495
2495
2499
2492
2491
2492
2496
2492
2492
2499
2495
2495
2492
2492
2496
2499
2495
2492
2491
2491
2495
2492
2488
2487
2492
2491
2491
2491
2495
2499
2488
2487
2488
2488
2495
2492
2488
2484
2492
2495
2492
2492
2492
2496
2492
2503
2499
2496
2495
2496
2496
2495
2492
2495
2496
2495
2491
2492
2499
2499
2496
2492
2495
2492
2495
2496
2499
2495
2491
2491
2495
2496
2496
2500
2499
2496
2499
2492
2491
2491
2488
2492
2492
2491
2492
2488
2487
2488
2491
2496
2495
2488
2491
2487
2491
2491
2495
2491
2491
2492
2492
2488
2487
2492
2492
2500
2499
2491
2488
2495
2500
2500
2496
2495
2492
2491
2500
2499
2492
2488
2491
2488
2491
2492
2491
2492
2491
2484
2496
2495
2491
2480
2484
2488
2491
2495
2492
2487
2488
2492
2499
2495
2488
2499
2503
2499
2488
2491
2495
2500
2495
2492
2495
2499
2499
2499
2496
2495
2496
2503
2495
2488
2492
2499
2496
2491
2491
2491
2492
2492
2492
2492
2495
2495
2496
2495
2495
2495
2496
2495
2495
2492
2492
2495
2495
2491
2488
2492
2496
2496
2491
2492
2492
2496
2495
2492
2492
2495
2495
2496
2488
2488
2491
2492
2488
2487
2492
2495
2495
2492
2491
2487
2496
2495
2488
2492
2495
2495
2492
2492
2491
2495
2492
2492
2495
2488
2488
2487
2491
2491
2488
2491
2492
2495
2495
2487
2491
2495
2492
2488
2491
2488
2492
2492
2491
2492
2492
2492
2491
2492
2492
2488
2488
2492
2496
2496
2496
2499
2496
2492
2491
2496
2495
2492
2492
2500
2504
2495
2491
2495
2496
2492
2487
2491
2495
2491
2492
2491
2488
2487
2491
2492
2495
2495
2492
2496
2499
2499
2491
2491
2499
2499
2499
2496
2496
2496
2500
2495
2496
2496
2500
2499
2499
2496
2496
2495
2495
2492
2495
2496
2499
2499
2492
2487
2488
2491
2491
2492
2495
2495
2488
2488
2492
2492
2495
2499
2496
2488
2484
2488
2491
2496
2491
2487
2488
2495
2495
2491
2488
2488
2491
2491
2491
2495
2492
2492
2495
2492
2492
2492
2495
2495
2500
2499
2491
2487
2483
2492
2492
2492
2495
2491
2492
2499
2499
2488
2496
2496
2496
2496
2492
2491
2491
2488
2491
2491
2491
2496
2495
2491
2491
2492
2492
2488
2488
2495
2492
2499
2496
2495
2492
2492
2492
2499
2495
2492
2488
2491
2491
2492
2492
2492
2492
2492
2495
2496
2499
2500
2495
2492
2495
2492
2491
2492
2495
2496
2496
2492
2492
2491
2495
2500
2499
2492
2488
2496
2496
2499
2492
2496
2492
2488
2488
2492
2492
2492
2495
2491
2487
2488
2491
2488
2488
2491
2492
2495
2492
2487
2492
2496
2491
2491
2488
2488
2496
2495
2495
2496
2491
2488
2492
2495
2492
2487
2492
2496
2499
2496
2496
2491
2492
2491
2488
2491
2496
2495
2496
2492
2492
2492
2496
2491
2491
2492
2491
2491
2492
2495
2495
2491
2491
2491
2491
2495
2492
2491
2492
2492
2492
2491
2492
2496
2496
2496
2492
2491
2491
2495
2496
2499
2495
2492
2496
2492
2488
2488
2495
2491
2492
2492
2495
2495
2495
2496
2495
2492
2491
2499
2499
2496
2496
2500
2495
2495
2495
2491
2487
2488
2495
2492
2492
2491
2492
2491
2492
2495
2492
2492
2492
2492
2491
2491
2495
2496
2496
2495
2492
2496
2491
2496
2495
2492
2495
2491
2491
2492
2491
2492
2492
2492
2492
2492
2491
2492
2488
2492
2496
2496
2492
2488
2495
2492
2491
2492
2492
2495
2492
2488
2495
2488
2488
2491
2492
2492
2495
2492
2492
2491
2491
2492
2495
2491
2487
2487
2495
2496
2499
2496
2495
2496
2491
2492
2496
2499
2495
2491
2499
2499
2496
2495
2495
2500
2499
2496
2495
2491
2495
2495
2492
2491
2492
2495
2496
2495
2495
2496
2496
2495
2496
2492
2492
2492
2492
2495
2492
2496
2499
2499
2492
2492
2495
2499
2499
2495
2492
2495
2496
2496
2492
2492
2491
2495
2492
2495
2492
2495
2491
2496
2496
2492
2495
2495
2492
2492
2496
2496
2492
2491
2492
2495
2495
2495
2496
2491
2484
2487
2495
2496
2496
2499
2492
2491
2492
2491
2495
2491
2491
2495
2492
2496
2492
2488
2491
2491
2495
2496
2496
2495
2495
2495
2488
2491
2491
2492
2495
2495
2492
2488
2492
2491
2487
2491
2495
2492
2491
2488
2499
2495
2495
2492
2495
2495
2492
2491
2496
2492
2495
2491
2491
2495
2496
2496
2492
2488
2487
2492
2495
2488
2491
2496
2496
2492
2488
2491
2491
2496
2496
2499
2492
2495
2496
2495
2495
2495
2496
2495
2487
2491
2492
2496
2495
2491
2487
2492
2495
2499
2495
2491
2491
2496
2495
2492
2492
2488
2492
2492
2495
2496
2496
2496
2495
2492
2492
2491
2488
2492
2496
2492
2492
2492
2496
2496
2496
2495
2495
2495
2499
2499
2491
2492
2495
2492
2492
2495
2495
2495
2495
2488
2491
2492
2491
2491
2491
2492
2492
2491
2488
2488
2495
2491
2491
2491
2491
2484
2488
2492
2495
2491
2499
2496
2491
2488
2492
2492
2492
2492
2491
2491
2496
2499
2496
2488
2491
2499
2500
2495
2491
2496
2499
2495
2491
2495
2500
2500
2496
2492
2492
2492
2495
2491
2492
2492
2496
2495
2496
2496
2495
2496
2495
2492
2492
2492
2496
2495
2495
2492
2495
2495
2492
2491
2492
2495
2492
2495
2496
2492
2488
2487
2495
2496
2496
2496
2495
2496
2496
2492
2488
2491
2491
2491
2495
2492
2500
2496
2492
2496
2492
2495
2495
2495
2492
2495
2491
2492
2484
2488
2491
2491
2492
2495
2495
2491
2492
2488
2492
2496
2495
2488
2492
2492
2491
2492
2495
2496
2492
2491
2491
2492
2499
2496
2488
2491
2495
2495
2488
2491
2495
2496
2492
2492
2487
2492
2488
2488
2495
2488
2488
2488
2495
2496
2496
2492
2491
2492
2491
2492
2496
2492
2495
2491
2491
2495
2496
2491
2495
2495
2499
2492
2491
2492
2495
2495
2496
2495
2492
2495
2495
2491
2491
2492
2496
2496
2495
2491
2492
2492
2491
2495
2496
2492
2488
2496
2495
2495
2492
2488
2492
2496
2495
2495
2491
2492
2491
2491
2495
2500
2495
2491
2491
2491
2491
2491
2492
2491
2488
2488
2492
2491
2484
2491
2492
2492
2492
2491
2495
2495
2488
2487
2491
2492
2488
2491
2491
2491
2491
2492
2495
2499
2496
2499
2500
2496
2496
2496
2492
2491
2492
2491
2492
2496
2499
2492
2488
2487
2488
2492
2495
2487
2495
2492
2492
2491
2492
2495
2492
2492
2488
2487
2488
2488
2488
2492
2488
2492
2492
2492
2492
2487
2487
2491
2488
2484
2491
2492
2492
2495
2492
2491
2487
2488
2496
2496
2492
2491
2491
2488
2492
2496
2496
2495
2492
2491
2496
2495
2495
2495
2495
2496
2496
2496
2496
2499
2496
2495
2492
2495
2496
2492
2495
2495
2492
2495
2495
2496
2492
2492
2488
2488
2495
2495
2496
2496
2495
2495
2492
2492
2495
2495
2491
2495
2495
2495
2496
2492
2492
2491
2491
2492
2488
2488
2496
2496
2488
2492
2491
2495
2499
2496
2488
2492
2496
2495
2495
2495
2499
2495
2492
2495
2499
2495
2496
2496
2492
2495
2496
2499
2499
2495
2495
2495
2496
2492
2488
2492
2492
2495
2496
2495
2496
2495
2499
2496
2499
2496
2495
2495
2495
2495
2492
2492
2495
2491
2488
2495
2496
2492
2492
2492
2492
2488
2492
2488
2491
2488
2495
2492
2488
2495
2491
2492
2491
2487
2488
2492
2495
2492
2495
2491
2487
2488
2487
2488
2491
2492
2495
2495
2488
2491
2491
2495
2492
2492
2488
2491
2495
2492
2492
2492
2491
2488
2495
2492
2495
2496
2495
2491
2495
2492
2491
2495
2491
2492
2496
2492
2495
2488
2488
2491
2492
2491
2492
2491
2491
2492
2492
2488
2491
2495
2495
2495
2492
2496
2495
2495
2495
2495
2487
2491
2495
2495
2488
2484
2484
2488
2491
2487
2487
2492
2496
2491
2488
2492
2492
2491
2496
2492
2495
2492
2495
2496
2495
2492
2495
2495
2495
2495
2495
2495
2495
2491
2495
2499
2500
2499
2492
2495
2495
2499
2492
2495
2495
2491
2492
2496
2499
2496
2495
2492
2492
2492
2496
2492
2495
2491
2491
2496
2496
2496
2499
2495
2495
2500
2496
2495
2492
2499
2495
2491
2500
2499
2496
2496
2495
2496
2499
2496
2492
2495
2496
2495
2495
2495
2492
2495
2492
2492
2491
2492
2496
2495
2491
2491
2492
2495
2492
2495
2496
2491
2491
2491
2495
2495
2496
2495
2496
2495
2496
2496
2495
2492
2492
2492
2495
2495
2495
2492
2491
2492
2492
2492
2492
2491
2491
2492
2488
2487
2492
2495
2495
2491
2491
2488
2491
2488
2491
2491
2496
2492
2488
2488
2492
2495
2495
2491
2496
2496
2492
2491
2492
2492
2492
2491
2488
2487
2495
2495
2492
2491
2491
2492
2492
2488
2492
2491
2488
2484
2491
2491
2495
2488
2491
2492
2492
2491
2496
2495
2492
2495
2496
2495
2488
2491
2488
2492
2491
2491
2492
2496
2496
2496
2496
2492
2496
2495
2492
2492
2495
2495
2488
2491
2491
2496
2495
2488
2491
2492
2496
2492
2491
2495
2496
2492
2495
2495
2496
2495
2491
2488
2492
2495
2495
2487
2492
2495
2492
2492
2491
2492
2492
2488
2488
2495
2492
2496
2492
2495
2492
2495
2491
2491
2492
2496
2492
2491
2488
2495
2496
2495
2499
2496
2488
2491
2492
2495
2495
2492
2491
2495
2499
2496
2491
2488
2491
2492
2495
2491
2495
2499
2492
2491
2491
2492
2491
2488
2488
2492
2491
2491
2492
2492
2495
2491
2484
2488
2491
2491
2492
2496
2492
2491
2495
2492
2492
2495
2495
2495
2495
2495
2492
2496
2491
2488
2491
2496
2492
2492
2491
2499
2495
2496
2495
2487
2492
2496
2499
2492
2488
2492
2495
2495
2492
2491
2487
2491
2492
2495
2492
2492
2492
2491
2491
2492
2491
2495
2496
2491
2488
2495
2499
2496
2492
2492
2495
2496
2499
2496
2492
2495
2499
2496
2496
2496
2496
2495
2495
2492
2495
2496
2495
2492
2492
2491
2495
2495
2491
2492
2488
2491
2492
2491
2495
2495
2492
2492
2495
2492
2492
2491
2495
2496
2496
2495
2492
2500
2495
2491
2492
2495
2491
2484
2491
2495
2492
2492
2491
2491
2492
2495
2495
2495
2488
2488
2492
2492
2492
2491
2491
2495
2491
2491
2496
2488
2487
2496
2496
2495
2495
2496
2495
2491
2491
2492
2488
2492
2495
2499
2495
2495
2491
2488
2492
2492
2495
2495
2495
2495
2491
2491
2487
2487
2491
2491
2492
2488
2496
2492
2499
2496
2495
2495
2491
2491
2491
2491
2488
2488
2495
2496
2495
2492
2495
2495
2491
2491
2492
2491
2495
2491
2492
2488
2491
2491
2492
2495
2495
2495
2492
2492
2495
2492
2492
2495
2496
2496
2496
2496
2488
2492
2492
2492
2487
2487
2491
2495
2488
2491
2492
2492
2488
2492
2492
2491
2495
2495
2487
2484
2491
2491
2496
2495
2492
2491
2492
2495
2492
2492
2495
2496
2495
2492
2495
2499
2496
2496
2496
2495
2492
2492
2492
2496
2500
2499
2495
2492
2495
2495
2492
2491
2495
2495
2491
2488
2488
2491
2491
2492
2495
2496
2491
2488
2495
2496
2492
2495
2492
2492
2492
2495
2496
2495
2495
2495
2491
2492
2492
2495
2488
2491
2495
2499
2495
2492
2488
2492
2495
2492
2492
2496
2495
2491
2491
2492
2491
2488
2487
2488
2491
2495
2492
2491
2487
2491
2496
2492
2495
2495
2492
2491
2492
2492
2491
2492
2492
2491
2491
2492
2496
2495
2491
2491
2495
2495
2492
2492
2496
2496
2487
2488
2491
2495
2492
2492
2491
2495
2491
2491
2488
2495
2491
2492
2491
2492
2495
2499
2500
2499
2499
2492
2491
2488
2495
2496
2495
2496
2495
2492
2492
2488
2487
2488
2491
2492
2491
2492
2495
2492
2491
2491
2488
2488
2492
2495
2492
2492
2492
2492
2495
2495
2491
2492
2495
2492
2488
2492
2492
2488
2492
2496
2491
2491
2488
2492
2492
2488
2491
2491
2491
2492
2488
2491
2492
2496
2492
2492
2491
2488
2492
2492
2492
2488
2491
2496
2492
2491
2491
2495
2495
2492
2495
2492
2492
2495
2499
2495
2495
2492
2496
2496
2492
2492
2492
2495
2495
2492
2491
2495
2492
2495
2492
2491
2491
2491
2492
2496
2492
2492
2492
2496
2496
2499
2499
2496
2492
2496
2495
2491
2496
2496
2495
2488
2492
2496
2500
2495
2492
2495
2496
2495
2495
2492
2499
2495
2495
2488
2488
2492
2488
2488
2488
2495
2492
2491
2491
2492
2492
2492
2492
2492
2492
2492
2491
2488
2495
2491
2488
2488
2491
2492
2492
2495
2492
2488
2488
2492
2492
2495
2495
2495
2496
2495
2491
2487
2491
2495
2491
2491
2495
2495
2488
2491
2492
2488
2495
2495
2495
2492
2488
2495
2492
2491
2492
2495
2492
2491
2484
2491
2496
2496
2491
2492
2496
2492
2488
2487
2492
2495
2491
2491
2492
2492
2495
2495
2492
2492
2495
2491
2488
2488
2496
2495
2488
2487
2492
2492
2491
2492
2492
2491
2491
2492
2495
2495
2492
2492
2491
2492
2492
2491
2492
2492
2492
2491
2491
2492
2495
2491
2491
2496
2496
2492
2488
2491
2491
2492
2492
2488
2488
2492
2499
2496
2492
2492
2495
2492
2495
2496
2500
2496
2492
2491
2495
2492
2491
2495
2492
2492
2491
2491
2496
2496
2499
2495
2495
2496
2496
2495
2495
2492
2491
2495
2499
2496
2492
2492
2496
2496
2491
2491
2496
2492
2491
2491
2492
2495
2496
2492
2492
2500
2496
2492
2495
2495
2492
2491
2495
2492
2495
2492
2492
2495
2496
2496
2496
2496
2499
2496
2495
2495
2492
2495
2496
2495
2492
2495
2495
2491
2487
2491
2491
2492
2496
2492
2491
2488
2488
2491
2488
2492
2495
2491
2488
2495
2496
2495
2488
2492
2492
2495
2495
2495
2491
2488
2491
2492
2492
2492
2495
2492
2488
2488
2491
2488
2488
2491
2495
2496
2496
2495
2491
2488
2492
2492
2488
2491
2492
2492
2491
2492
2500
2499
2495
2496
2495
2492
2495
2492
2492
2491
2491
2492
2495
2495
2492
2487
2492
2492
2491
2492
2495
2496
2491
2491
2491
2492
2496
2495
2495
2491
2492
2495
2491
2495
2491
2488
2487
2495
2495
2495
2488
2488
2492
2492
2492
2491
2492
2491
2495
2496
2495
2491
2492
2488
2499
2492
2492
2492
2496
2491
2488
2484
2487
2495
2495
2491
2488
2491
2491
2488
2488
2491
2491
2492
2491
2491
2491
2495
2491
2491
2492
2496
2491
2491
2491
2491
2492
2491
2491
2488
2488
2495
2492
2488
2491
2495
2500
2492
2488
2491
2492
2492
2492
2491
2488
2495
2496
2495
2495
2491
2488
2488
2492
2495
2492
2496
2499
2499
2492
2488
2492
2492
2484
2484
2491
2495
2495
2492
2488
2491
2495
2492
2495
2495
2492
2496
2496
2492
2495
2496
2492
2491
2495
2495
2492
2491
2496
2495
2495
2491
2495
2496
2491
2491
2495
2495
2495
2492
2495
2495
2496
2499
2500
2499
2492
2495
2499
2503
2503
2499
2496
2488
2487
2496
2492
2487
2491
2492
2495
2495
2495
2491
2488
2495
2496
2496
2496
2488
2492
2492
2492
2491
2491
2492
2499
2492
2495
2492
2495
2499
2499
2492
2488
2492
2496
2492
2488
2491
2495
2492
2492
2491
2488
2491
2491
2491
2488
2492
2492
2491
2492
2492
2495
2496
2491
2491
2492
2491
2491
2491
2492
2492
2496
2496
2492
2487
2491
2492
2495
2491
2487
2488
2492
2492
2492
2492
2495
2492
2488
2491
2491
2492
2495
2492
2488
2487
2492
2491
2492
2491
2491
2488
2492
2492
2496
2492
2488
2492
2495
2492
2488
2487
2488
2488
2492
2492
2492
2492
2492
2492
2488
2491
2488
2491
2488
2488
2488
2491
2492
2495
2495
2488
2492
2491
2492
2492
2492
2491
2495
2495
2492
2495
2495
2488
2495
2492
2496
2495
2492
2492
2492
2491
2492
2495
2495
2496
2495
2495
2491
2488
2496
2496
2499
2496
2496
2492
2491
2492
2496
2495
2488
2488
2488
2492
2492
2488
2488
2488
2492
2488
2484
2491
2499
2496
2495
2488
2495
2496
2495
2495
2495
2499
2496
2492
2492
2496
2496
2492
2492
2491
2495
2492
2492
2499
2496
2492
2487
2491
2492
2495
2492
2495
2496
2491
2488
2492
2495
2492
2492
2492
2492
2495
2491
2491
2492
2492
2492
2492
2495
2499
2491
2488
2488
2496
2495
2491
2491
2495
2495
2491
2491
2491
2495
2499
2499
2496
2492
2491
2492
2495
2488
2488
2492
2491
2484
2488
2491
2492
2492
2492
2492
2495
2499
2503
2496
2491
2492
2491
2491
2492
2496
2499
2500
2492
2491
2491
2495
2492
2492
2491
2491
2496
2495
2495
2495
2495
2492
2495
2495
2492
2492
2488
2487
2487
2491
2495
2495
2488
2488
2488
2491
2495
2495
2496
2492
2491
2487
2492
2496
2491
2487
2488
2495
2492
2492
2496
2492
2488
2487
2491
2495
2492
2491
2491
2491
2496
2491
2491
2488
2495
2496
2495
2495
2492
2492
2491
2491
2488
2492
2495
2491
2491
2488
2492
2491
2488
2488
2495
2496
2495
2492
2492
2499
2492
2484
2488
2495
2496
2496
2491
2491
2487
2488
2491
2492
2495
2492
2492
2491
2492
2495
2492
2492
2488
2492
2495
2499
2500
2492
2495
2492
2491
2484
2488
2492
2496
2495
2495
2495
2492
2496
2500
2496
2495
2488
2491
2496
2500
2496
2491
2492
2492
2492
2492
2495
2495
2492
2492
2492
2495
2492
2492
2491
2492
2496
2495
2492
2491
2496
2495
2492
2492
2495
2492
2491
2492
2491
2491
2491
2491
2495
2495
2492
2488
2491
2488
2488
2487
2491
2491
2491
2491
2492
2488
2491
2492
2488
2491
2492
2495
2496
2488
2488
2492
2491
2491
2492
2492
2491
2491
2495
2496
2492
2488
2491
2495
2495
2491
2495
2492
2495
2492
2491
2488
2492
2495
2496
2499
2496
2492
2496
2492
2495
2492
2491
2492
2492
2495
2491
2491
2491
2495
2496
2495
2487
2488
2488
2499
2499
2499
2492
2491
2495
2496
2495
2492
2492
2495
2496
2495
2495
2496
2499
2500
2499
2492
2495
2499
2496
2496
2492
2492
2492
2495
2491
2495
2488
2488
2492
2495
2495
2495
2495
2495
2496
2491
2491
2491
2492
2492
2495
2496
2495
2492
2491
2492
2492
2496
2496
2495
2492
2492
2495
2491
2492
2492
2492
2491
2491
2496
2495
2492
2491
2492
2491
2488
2491
2491
2488
2484
2487
2491
2492
2492
2491
2492
2491
2492
2492
2492
2492
2492
2495
2499
2496
2496
2495
2492
2487
2488
2496
2496
2492
2491
2492
2492
2492
2488
2492
2491
2491
2488
2492
2491
2488
2491
2491
2491
2488
2491
2495
2496
2499
2492
2491
2495
2492
2488
2491
2491
2495
2496
2492
2488
2491
2491
2492
2492
2495
2495
2492
2491
2496
2492
2495
2491
2487
2487
2492
2492
2495
2495
2495
2495
2495
2496
2496
2492
2492
2499
2495
2491
2491
2492
2495
2492
2491
2495
2492
2495
2492
2491
2491
2495
2495
2492
2488
2491
2492
2488
2488
2495
2495
2491
2491
2484
2488
2492
2495
2492
2491
2495
2499
2496
2492
2488
2495
2495
2492
2492
2492
2488
2495
2499
2496
2492
2487
2492
2499
2496
2492
2488
2488
2492
2492
2491
2491
2495
2491
2488
2488
2488
2492
2495
2492
2492
2496
2499
2496
2492
2488
2491
2496
2496
2491
2491
2495
2496
2496
2496
2492
2492
2492
2488
2495
2496
2499
2491
2495
2495
2491
2492
2492
2491
2492
2492
2495
2495
2492
2492
2492
2492
2492
2488
2488
2488
2488
2488
2488
2488
2488
2488
2492
2496
2499
2495
2491
2492
2492
2496
2495
2495
2492
2492
2492
2492
2492
2496
2495
2492
2495
2492
2491
2492
2496
2496
2491
2491
2491
2491
2499
2495
2491
2491
2492
2492
2487
2488
2492
2491
2487
2487
2487
2488
2488
2491
2492
2492
2491
2492
2492
2496
2492
2491
2491
2496
2499
2496
2492
2492
2495
2499
2496
2495
2495
2499
2495
2495
2488
2492
2495
2499
2499
2492
2491
2488
2492
2495
2491
2491
2495
2496
2495
2496
2495
2496
2491
2488
2491
2495
2495
2488
2495
2492
2495
2491
2495
2492
2488
2492
2491
2492
2495
2495
2495
2499
2492
2488
2491
2495
2492
2492
2499
2492
2488
2492
2496
2492
2488
2491
2495
2496
2492
2491
2487
2487
2491
2492
2492
2491
2491
2487
2488
2492
2492
2492
2495
2495
2491
2491
2491
2492
2495
2496
2492
2488
2495
2492
2491
2495
2496
2496
2495
2491
2492
2495
2496
2491
2492
2496
2496
2495
2492
2488
2491
2492
2491
2487
2488
2496
2492
2488
2488
2492
2492
2496
2492
2488
2488
2487
2491
2488
2491
2491
2491
2488
2488
2495
2499
2495
2488
2491
2495
2491
2491
2491
2495
2491
2491
2496
2495
2491
2491
2495
2492
2495
2496
2492
2491
2495
2499
2492
2488
2495
2495
2492
2491
2491
2491
2492
2487
2488
2492
2495
2488
2488
2495
2491
2492
2495
2495
2495
2492
2492
2491
2491
2492
2496
2496
2495
2495
2492
2492
2492
2500
2499
2495
2491
2484
2483
2488
2491
2488
2488
2491
2491
2495
2496
2496
2495
2487
2491
2495
2499
2492
2488
2488
2491
2492
2492
2491
2488
2492
2492
2495
2495
2492
2491
2496
2495
2491
2492
2492
2492
2491
2492
2495
2495
2492
2488
2492
2496
2495
2491
2488
2492
2495
2495
2492
2495
2496
2491
2491
2496
2499
2495
2491
2492
2492
2492
2492
2491
2491
2491
2492
2492
2496
2495
2496
2496
2496
2492
2491
2491
2491
2492
2492
2492
2495
2496
2491
2488
2491
2491
2495
2491
2491
2496
2495
2492
2491
2491
2492
2491
2491
2491
2491
2495
2495
2492
2488
2488
2492
2495
2492
2495
2492
2491
2491
2491
2492
2491
2491
2492
2492
2492
2492
2492
2492
2491
2492
2488
2492
2492
2492
2492
2495
2492
2491
2495
2488
2491
2492
2491
2492
2492
2492
2495
2496
2496
2488
2488
2495
2496
2491
2491
2495
2492
2495
2492
2492
2492
2488
2488
2496
2496
2491
2491
2488
2492
2495
2496
2492
2491
2491
2492
2491
2492
2495
2496
2491
2491
2492
2496
2495
2492
2495
2496
2492
2488
2495
2491
2492
2496
2495
2492
2495
2495
2491
2492
2492
2499
2496
2496
