2491
2496
2496
2492
2496
2495
2496
2492
2492
2495
2496
2495
2488
2495
2495
2492
2496
2496
2499
2495
2496
2495
2499
2495
2496
2495
2495
2499
2499
2499
2496
2495
2492
2492
2495
2496
2495
2492
2495
2492
2488
2491
2492
2492
2495
2491
2495
2491
2487
2488
2491
2492
2488
2487
2487
2491
2491
2488
2492
2495
2496
2492
2487
2488
2495
2495
2496
2491
2492
2492
2496
2492
2492
2491
2487
2491
2495
2491
2492
2495
2491
2484
2487
2491
2492
2496
2488
2491
2488
2492
2495
2492
2488
2488
2487
2487
2491
2488
2488
2495
2492
2492
2496
2495
2495
2496
2488
2491
2488
2495
2492
2492
2492
2492
2492
2496
2491
2488
2488
2492
2496
2491
2488
2492
2496
2492
2488
2491
2491
2496
2496
2492
2488
2491
2492
2496
2492
2492
2491
2491
2495
2492
2491
2492
2492
2492
2495
2496
2496
2496
2495
2496
2495
2491
2488
2488
2488
2495
2492
2488
2484
2484
2491
2495
2495
2491
2492
2496
2496
2495
2491
2496
2499
2492
2491
2496
2496
2495
2491
2492
2492
2491
2491
2491
2495
2495
2496
2500
2499
2491
2492
2495
2495
2492
2492
2492
2492
2492
2491
2496
2495
2492
2487
2487
2488
2495
2496
2488
2488
2484
2484
2487
2488
2492
2491
2492
2492
2491
2495
2491
2492
2492
2496
2495
2491
2491
2492
2491
2492
2495
2496
2496
2495
2496
2496
2496
2488
2484
2491
2491
2492
2492
2491
2492
2492
2492
2491
2488
2492
2499
2491
2495
2496
2492
2491
2487
2487
2488
2496
2496
2499
2488
2495
2488
2488
2491
2492
2491
2492
2495
2500
2495
2491
2484
2492
2488
2488
2492
2488
2492
2499
2496
2492
2488
2491
2495
2496
2492
2491
2488
2495
2492
2496
2495
2491
2492
2491
2495
2495
2495
2487
2492
2491
2491
2495
2495
2499
2495
2499
2492
2499
2500
2492
2499
2492
2491
2499
2491
2483
2484
2500
2496
2496
2496
2491
2491
2488
2488
2491
2488
2491
2488
2492
2492
2500
2503
2496
2491
2492
2488
2492
2496
2495
2499
2491
2491
2488
2488
2492
2491
2480
2499
2492
2488
2495
2487
2499
2483
2495
2484
2492
2488
2487
2496
2483
2492
2499
2500
2504
2503
2500
2488
2484
2487
2484
2499
2503
2500
2500
2496
2492
2491
2491
2495
2495
2492
2491
2492
2504
2504
2496
2496
2496
2504
2499
2500
2496
2504
2500
2492
2496
2492
2503
2496
2499
2495
2488
2492
2484
2487
2480
2496
2488
2495
2499
2492
2492
2495
2491
2495
2491
2491
2484
2484
2491
2487
2483
2479
2476
2483
2483
2487
2487
2492
2491
2492
2488
2487
2491
2495
2499
2503
2500
2496
2496
2488
2491
2492
2492
2488
2491
2496
2491
2496
2499
2488
2503
2500
2500
2499
2500
2508
2508
2515
2508
2499
2500
2487
2495
2500
2503
2503
2496
2500
2496
2507
2491
2491
2476
2472
2484
2483
2491
2480
2487
2496
2487
2491
2484
2487
2491
2484
2479
2483
2496
2488
2492
2524
2584
2735
2916
3035
3039
2875
2587
2076
1519
1455
1792
2039
2492
2696
2740
2603
2455
2144
2064
2115
2372
2719
3111
3260
3340
3236
2935
2671
2435
2139
1896
1924
1848
1783
1736
1816
1772
1920
2144
2271
2332
2395
2531
2639
2775
2931
2991
3075
3052
3028
2996
2963
2899
2864
2843
2779
2671
2568
2463
2388
2367
2387
2380
2376
2443
2472
2511
2504
2507
2408
2371
2420
2403
2547
2627
2699
2728
2720
2644
2587
2516
2515
2488
2464
2407
2427
2403
2312
2331
2315
2347
2407
2424
2443
2455
2455
2451
2436
2432
2451
2491
2515
2496
2467
2496
2472
2532
2591
2616
2644
2659
2643
2632
2683
2683
2664
2628
2588
2524
2479
2463
2331
2284
2243
2272
2344
2324
2312
2320
2287
2260
2336
2339
2376
2416
2363
2312
2216
2272
2199
2240
2299
2395
2492
2652
2832
2919
2955
2891
2816
2771
2707
2720
2715
2728
2695
2612
2491
2364
2224
2128
2136
2148
2232
2280
2399
2491
2563
2584
2555
2531
2547
2555
2568
2572
2567
2595
2604
2580
2588
2580
2620
2604
2620
2607
2620
2595
2524
2467
2416
2375
2404
2479
2531
2540
2583
2571
2596
2591
2588
2587
2535
2536
2435
2335
2256
2220
2303
2404
2452
2491
2515
2560
2556
2607
2627
2627
2595
2568
2491
2456
2383
2351
2215
2148
2104
2184
2296
2499
2620
2555
2580
2591
2644
2607
2556
2492
2495
2435
2411
2391
2427
2540
2543
2487
2476
2427
2355
2391
2468
2528
2524
2484
2555
2575
2595
2651
2607
2623
2580
2531
2491
2484
2492
2451
2364
2380
2367
2415
2432
2435
2595
2623
2623
2635
2547
2536
2524
2556
2647
2692
2743
2739
2600
2516
2444
2372
2367
2407
2428
2476
2460
2464
2420
2451
2460
2484
2539
2596
2631
2656
2600
2543
2451
2347
2343
2363
2487
2536
2572
2571
2568
2479
2380
2356
2363
2291
2267
2271
2335
2348
2387
2367
2344
2380
2480
2551
2603
2671
2688
2631
2603
2536
2491
2475
2492
2508
2459
2483
2432
2408
2388
2399
2456
2516
2563
2596
2583
2564
2531
2516
2515
2544
2516
2584
2564
2508
2468
2408
2356
2371
2435
2504
2572
2580
2584
2540
2503
2459
2424
2427
2507
2612
2615
2583
2592
2551
2536
2503
2548
2564
2540
2531
2560
2552
2495
2432
2400
2364
2332
2328
2351
2391
2439
2480
2519
2484
2508
2491
2432
2419
2452
2483
2555
2596
2632
2611
2584
2544
2447
2448
2459
2464
2467
2439
2427
2424
2444
2456
2452
2431
2392
2408
2455
2492
2504
2540
2539
2556
2568
2576
2564
2528
2539
2544
2559
2559
2531
2524
2523
2520
2531
2524
2523
2499
2500
2519
2524
2563
2544
2528
2512
2500
2471
2440
2428
2383
2407
2407
2400
2411
2407
2423
2435
2451
2452
2435
2451
2452
2455
2475
2523
2544
2564
2571
2619
2615
2603
2572
2559
2559
2536
2515
2471
2452
2404
2388
2351
2363
2387
2375
2423
2443
2435
2432
2440
2396
2448
2443
2448
2479
2532
2555
2564
2591
2575
2615
2632
2659
2635
2611
2592
2544
2519
2484
2448
2404
2404
2395
2436
2459
2480
2468
2475
2495
2504
2536
2544
2564
2572
2588
2552
2552
2527
2488
2492
2480
2504
2491
2515
2503
2475
2420
2376
2348
2372
2404
2464
2484
2500
2536
2552
2551
2559
2548
2527
2571
2567
2572
2583
2567
2527
2484
2487
2472
2452
2428
2427
2428
2424
2423
2435
2439
2468
2464
2480
2471
2456
2435
2439
2455
2448
2456
2460
2443
2427
2408
2400
2391
2444
2499
2560
2596
2603
2600
2543
2511
2516
2508
2504
2491
2487
2523
2539
2531
2519
2487
2496
2515
2540
2531
2523
2515
2535
2524
2520
2507
2468
2464
2459
2455
2448
2447
2496
2488
2488
2491
2500
2512
2495
2540
2567
2575
2544
2504
2472
2444
2415
2411
2396
2415
2444
2488
2492
2515
2539
2532
2551
2588
2619
2619
2599
2588
2567
2528
2480
2419
2379
2380
2411
2424
2435
2459
2452
2447
2463
2484
2495
2571
2600
2607
2588
2571
2531
2503
2476
2455
2427
2404
2396
2435
2447
2468
2472
2491
2492
2491
2480
2476
2475
2492
2503
2524
2548
2543
2528
2523
2515
2479
2455
2460
2468
2460
2460
2460
2471
2472
2472
2495
2488
2507
2527
2564
2560
2552
2559
2548
2503
2488
2468
2452
2468
2472
2460
2507
2500
2459
2435
2440
2428
2455
2467
2471
2456
2444
2428
2420
2428
2440
2460
2468
2467
2495
2504
2519
2552
2559
2564
2564
2555
2543
2532
2536
2535
2527
2527
2512
2499
2500
2503
2467
2444
2408
2380
2407
2416
2468
2536
2564
2584
2575
2588
2556
2543
2527
2499
2499
2496
2520
2511
2515
2519
2524
2520
2511
2524
2535
2528
2516
2512
2503
2487
2463
2463
2452
2435
2436
2456
2476
2491
2496
2488
2472
2443
2435
2412
2403
2400
2408
2427
2432
2443
2452
2467
2459
2467
2475
2495
2524
2556
2567
2588
2564
2563
2552
2563
2568
2567
2560
2551
2548
2548
2551
2535
2527
2520
2519
2512
2491
2464
2448
2423
2387
2399
2416
2415
2423
2439
2455
2464
2447
2471
2459
2484
2483
2459
2448
2464
2468
2479
2483
2496
2503
2504
2508
2503
2512
2515
2491
2487
2483
2479
2487
2471
2476
2480
2483
2472
2496
2492
2512
2508
2516
2539
2568
2571
2556
2556
2543
2531
2496
2480
2455
2455
2443
2456
2460
2476
2479
2488
2487
2499
2484
2515
2540
2540
2528
2523
2515
2500
2495
2496
2504
2528
2512
2496
2519
2524
2500
2495
2512
2524
2516
2496
2503
2508
2515
2504
2496
2479
2459
2456
2448
2436
2443
2455
2448
2435
2423
2408
2384
2399
2403
2416
2443
2487
2520
2531
2532
2523
2504
2499
2511
2524
2535
2544
2548
2548
2544
2535
2539
2548
2564
2551
2528
2511
2512
2511
2523
2504
2480
2472
2456
2452
2463
2492
2519
2523
2515
2499
2460
2439
2440
2436
2455
2460
2456
2456
2456
2451
2452
2468
2480
2503
2524
2531
2551
2544
2543
2531
2515
2516
2516
2503
2495
2483
2483
2472
2468
2460
2455
2451
2455
2471
2476
2476
2476
2491
2508
2511
2520
2516
2508
2507
2532
2539
2544
2551
2535
2516
2496
2500
2516
2532
2531
2527
2508
2484
2464
2467
2472
2483
2496
2503
2515
2504
2483
2468
2447
2423
2424
2459
2475
2503
2496
2492
2475
2460
2452
2460
2459
2475
2491
2488
2492
2495
2504
2499
2508
2507
2507
2519
2520
2495
2484
2463
2452
2443
2435
2440
2432
2412
2432
2448
2475
2499
2520
2539
2535
2532
2532
2531
2528
2559
2567
2591
2596
2588
2567
2535
2500
2487
2475
2475
2464
2471
2468
2472
2463
2467
2459
2455
2452
2456
2455
2447
2460
2467
2479
2480
2476
2479
2496
2503
2508
2507
2516
2523
2523
2527
2520
2504
2500
2492
2491
2503
2508
2500
2487
2467
2460
2452
2447
2455
2468
2491
2508
2527
2516
2519
2519
2523
2519
2516
2532
2535
2524
2516
2515
2504
2491
2487
2483
2475
2471
2471
2467
2468
2483
2507
2507
2500
2479
2472
2460
2460
2464
2472
2487
2476
2476
2467
2456
2464
2480
2492
2496
2491
2488
2488
2475
2475
2487
2507
2520
2531
2532
2531
2523
2503
2491
2484
2484
2488
2487
2484
2480
2488
2491
2487
2495
2487
2484
2491
2496
2496
2491
2483
2483
2484
2495
2503
2504
2504
2511
2508
2515
2515
2508
2475
2456
2451
2459
2463
2456
2467
2484
2487
2492
2508
2508
2503
2500
2499
2511
2504
2500
2499
2495
2500
2503
2507
2495
2483
2484
2484
2492
2475
2464
2464
2475
2483
2499
2499
2508
2508
2511
2504
2499
2496
2500
2496
2488
2503
2508
2511
2504
2500
2500
2507
2516
2519
2531
2531
2528
2516
2508
2512
2503
2507
2512
2519
2495
2476
2463
2463
2452
2452
2452
2452
2443
2455
2455
2452
2455
2471
2475
2491
2507
2520
2519
2507
2511
2519
2516
2508
2507
2512
2516
2492
2492
2492
2480
2480
2475
2456
2444
2456
2464
2471
2467
2467
2472
2456
2459
2460
2476
2479
2492
2500
2515
2524
2523
2515
2507
2504
2507
2512
2528
2531
2532
2528
2523
2516
2511
2499
2495
2492
2487
2488
2496
2487
2483
2491
2495
2503
2516
2523
2523
2527
2523
2535
2528
2527
2516
2495
2487
2472
2463
2455
2444
2435
2431
2431
2431
2435
2444
2460
2480
2495
2496
2499
2495
2496
2503
2500
2508
2523
2540
2544
2543
2535
2532
2532
2515
2507
2504
2495
2491
2492
2476
2476
2491
2488
2483
2476
2479
2480
2479
2471
2472
2475
2476
2472
2476
2480
2484
2491
2496
2504
2507
2507
2504
2496
2495
2484
2487
2483
2488
2484
2476
2475
2468
2476
2463
2460
2456
2459
2452
2463
2459
2460
2475
2476
2479
2480
2488
2492
2499
2500
2516
2523
2520
2524
2524
2523
2520
2520
2516
2516
2512
2515
2515
2512
2507
2504
2496
2492
2499
2499
2499
2504
2507
2507
2507
2496
2508
2496
2488
2487
2484
2484
2483
2488
2500
2500
2496
2507
2507
2495
2491
2480
2487
2471
2463
2467
2475
2479
2484
2487
2487
2495
2496
2503
2512
2512
2512
2507
2503
2504
2507
2499
2507
2504
2492
2484
2479
2475
2460
2460
2471
2468
2476
2487
2496
2500
2496
2491
2491
2499
2500
2495
2504
2503
2503
2500
2496
2484
2479
2471
2463
2460
2463
2472
2479
2483
2476
2484
2483
2483
2487
2495
2500
2500
2492
2487
2491
2499
2499
2499
2507
2507
2504
2503
2500
2495
2492
2499
2495
2495
2504
2511
2508
2516
2515
2508
2503
2499
2503
2503
2504
2507
2500
2496
2487
2479
2472
2468
2471
2475
2480
2484
2488
2487
2495
2500
2504
2511
2512
2508
2516
2519
2519
2515
2511
2515
2523
2516
2503
2496
2492
2488
2475
2464
2464
2475
2472
2472
2472
2471
2471
2467
2467
2475
2475
2468
2475
2483
2483
2479
2476
2487
2484
2479
2471
2472
2479
2487
2484
2487
2496
2500
2507
2507
2511
2503
2500
2504
2507
2508
2511
2520
2527
2520
2511
2519
2519
2516
2504
2491
2483
2484
2483
2476
2476
2480
2475
2475
2480
2483
2491
2504
2511
2515
2516
2512
2511
2503
2500
2499
2499
2491
2480
2479
2464
2460
2468
2472
2468
2468
2471
2467
2480
2483
2492
2488
2484
2495
2495
2496
2503
2503
2511
2504
2508
2512
2512
2516
2507
2500
2495
2495
2492
2492
2492
2507
2504
2500
2495
2488
2487
2491
2492
2492
2492
2496
2495
2488
2475
2480
2491
2496
2496
2499
2499
2499
2499
2491
2488
2483
2476
2475
2483
2487
2483
2487
2484
2479
2483
2480
2475
2483
2488
2499
2496
2488
2491
2479
2479
2471
2467
2476
2479
2488
2496
2507
2500
2503
2511
2515
2507
2512
2512
2519
2519
2512
2511
2504
2495
2491
2492
2488
2491
2492
2492
2483
2479
2472
2479
2484
2491
2495
2500
2499
2511
2503
2500
2500
2503
2496
2492
2491
2487
2488
2492
2503
2500
2499
2499
2500
2499
2507
2504
2503
2504
2507
2500
2500
2496
2491
2484
2487
2492
2492
2484
2479
2479
2484
2487
2487
2492
2491
2492
2495
2492
2488
2488
2484
2476
2472
2479
2479
2479
2488
2487
2487
2488
2484
2488
2499
2499
2492
2491
2495
2495
2492
2487
2487
2491
2492
2499
2500
2511
2503
2499
2495
2487
2484
2492
2495
2495
2491
2495
2495
2496
2496
2484
2484
2488
2491
2491
2488
2496
2496
2492
2495
2491
2491
2492
2492
2495
2491
2491
2487
2496
2503
2495
2488
2487
2488
2491
2492
2500
2507
2503
2503
2499
2500
2499
2496
2500
2504
2508
2504
2499
2499
2500
2500
2495
2499
2504
2503
2500
2500
2499
2500
2487
2476
2475
2472
2463
2464
2467
2467
2463
2464
2471
2467
2468
2476
2488
2495
2500
2504
2507
2504
2499
2495
2492
2492
2496
2499
2496
2495
2499
2499
2492
2487
2491
2491
2492
2500
2512
2516
2515
2512
2512
2512
2511
2507
2503
2495
2495
2499
2503
2503
2495
2484
2479
2476
2488
2484
2480
2487
2495
2499
2499
2496
2496
2503
2507
2507
2500
2495
2491
2480
2467
2467
2467
2475
2472
2467
2472
2472
2476
2488
2496
2503
2500
2499
2511
2516
2519
2511
2508
2507
2504
2496
2488
2492
2496
2495
2496
2500
2503
2496
2495
2499
2499
2488
2487
2487
2480
2476
2479
2479
2476
2479
2480
2488
2492
2492
2487
2487
2483
2483
2487
2492
2495
2500
2496
2499
2507
2500
2496
2496
2499
2500
2503
2504
2516
2512
2503
2499
2495
2491
2487
2491
2492
2499
2496
2488
2491
2491
2483
2472
2471
2479
2483
2487
2495
2487
2495
2491
2492
2491
2492
2496
2496
2491
2484
2479
2475
2476
2472
2479
2480
2487
2492
2499
2500
2500
2499
2500
2503
2508
2507
2508
2512
2523
2519
2508
2507
2499
2488
2488
2484
2491
2492
2492
2488
2487
2488
2488
2484
2484
2492
2488
2488
2487
2479
2479
2479
2476
2475
2480
2483
2483
2480
2487
2495
2496
2496
2499
2511
2515
2512
2507
2503
2500
2495
2491
2496
2496
2499
2500
2499
2499
2504
2503
2496
2495
2500
2503
2499
2488
2492
2496
2495
2488
2487
2484
2483
2484
2484
2488
2484
2488
2496
2496
2488
2491
2492
2487
2480
2480
2479
2480
2480
2483
2483
2483
2484
2492
2495
2496
2495
2492
2500
2500
2500
2496
2495
2492
2492
2492
2496
2500
2503
2499
2499
2495
2496
2499
2496
2499
2495
2500
2500
2499
2499
2491
2491
2492
2496
2496
2496
2500
2503
2503
2507
2511
2508
2496
2491
2480
2483
2479
2472
2472
2472
2475
2483
2479
2480
2483
2480
2487
2483
2484
2487
2499
2499
2503
2500
2499
2499
2499
2495
2492
2499
2499
2496
2496
2495
2492
2488
2484
2484
2491
2496
2492
2488
2495
2495
2499
2495
2495
2499
2499
2495
2496
2496
2495
2499
2500
2495
2495
2495
2500
2503
2495
2495
2496
2499
2492
2491
2492
2488
2484
2484
2480
2480
2484
2483
2484
2491
2499
2496
2495
2492
2499
2499
2499
2496
2500
2496
2495
2488
2484
2483
2483
2487
2492
2492
2491
2491
2492
2500
2504
2499
2495
2492
2491
2495
2495
2492
2483
2487
2488
2484
2483
2483
2487
2483
2480
2480
2479
2484
2483
2480
2487
2487
2492
2495
2496
2499
2495
2499
2499
2492
2495
2495
2491
2495
2496
2496
2499
2499
2503
2504
2512
2511
2507
2507
2508
2504
2500
2499
2496
2500
2503
2495
2488
2488
2496
2500
2503
2500
2503
2496
2492
2492
2488
2488
2479
2483
2484
2484
2476
2472
2468
2468
2472
2476
2479
2491
2487
2491
2491
2495
2496
2495
2500
2499
2499
2492
2492
2496
2495
2495
2491
2495
2495
2491
2495
2500
2500
2492
2495
2500
2503
2503
2496
2492
2492
2491
2492
2487
2487
2491
2491
2491
2488
2487
2484
2483
2480
2476
2484
2491
2492
2496
2492
2495
2495
2496
2499
2496
2499
2499
2500
2499
2495
2492
2495
2492
2496
2499
2496
2495
2491
2491
2495
2495
2488
2483
2480
2484
2483
2487
2483
2483
2484
2484
2484
2495
2504
2503
2496
2492
2500
2496
2496
2492
2492
2488
2492
2496
2496
2495
2495
2496
2492
2495
2496
2496
2491
2492
2488
2491
2495
2499
2495
2488
2491
2492
2492
2496
2491
2488
2500
2503
2495
2492
2496
2500
2496
2495
2488
2488
2488
2488
2483
2475
2479
2484
2487
2487
2491
2491
2499
2500
2504
2503
2504
2503
2499
2495
2491
2491
2487
2483
2483
2488
2487
2484
2487
2483
2488
2488
2495
2499
2504
2507
2503
2503
2504
2503
2503
2495
2488
2488
2488
2488
2484
2491
2491
2492
2487
2483
2480
2483
2487
2487
2488
2492
2492
2496
2496
2492
2492
2499
2500
2499
2507
2500
2496
2492
2492
2496
2492
2488
2487
2488
2488
2487
2488
2492
2491
2491
2495
2495
2495
2495
2496
2492
2491
2488
2487
2487
2488
2495
2499
2495
2491
2495
2496
2496
2496
2496
2496
2495
2496
2491
2492
2491
2492
2499
2499
2500
2496
2488
2488
2491
2495
2492
2488
2484
2487
2484
2487
2487
2487
2488
2488
2488
2488
2491
2499
2499
2495
2492
2492
2488
2492
2492
2491
2488
2496
2500
2504
2507
2503
2499
2499
2499
2492
2495
2500
2496
2496
2500
2495
2492
2491
2496
2492
2488
2484
2484
2487
2484
2487
2491
2488
2491
2491
2491
2488
2492
2492
2495
2495
2499
2499
2495
2495
2492
2492
2483
2480
2488
2491
2491
2491
2488
2492
2491
2491
2487
2488
2488
2488
2484
2484
2484
2480
2484
2484
2487
2487
2484
2487
2496
2499
2499
2496
2496
2500
2500
2495
2499
2500
2503
2499
2496
2495
2492
2496
2488
2483
2488
2491
2492
2491
2492
2492
2495
2492
2492
2488
2496
2495
2499
2499
2492
2500
2499
2495
2492
2488
2492
2496
2492
2492
2496
2496
2496
2492
2495
2496
2496
2496
2491
2492
2499
2496
2492
2492
2496
2500
2496
2491
2487
2487
2487
2487
2488
2484
2484
2491
2488
2492
2495
2492
2492
2496
2496
2492
2491
2491
2492
2496
2492
2491
2492
2495
2495
2496
2500
2500
2491
2487
2488
2492
2492
2491
2491
2488
2483
2483
2487
2491
2491
2487
2496
2496
2499
2496
2500
2495
2495
2496
2496
2496
2495
2496
2492
2487
2487
2491
2491
2491
2495
2492
2488
2496
2496
2492
2492
2492
2499
2495
2496
2495
2492
2492
2492
2488
2488
2495
2491
2487
2491
2487
2488
2487
2488
2488
2491
2488
2487
2491
2495
2499
2495
2496
2500
2495
2496
2500
2503
2500
2496
2496
2499
2499
2495
2495
2496
2496
2492
2488
2492
2499
2495
2492
2491
2491
2495
2496
2492
2488
2487
2491
2492
2496
2492
2491
2492
2492
2495
2495
2495
2500
2496
2491
2488
2492
2496
2496
2495
2491
2491
2492
2491
2492
2492
2492
2492
2492
2495
2495
2496
2492
2488
2488
2491
2488
2488
2491
2496
2500
2496
2488
2488
2488
2491
2487
2488
2487
2483
2488
2495
2492
2488
2492
2492
2496
2500
2496
2495
2495
2496
2495
2491
2488
2488
2483
2484
2492
2487
2484
2484
2483
2488
2487
2487
2488
2492
2496
2495
2496
2495
2500
2499
2499
2492
2488
2491
2496
2503
2503
2503
2503
2504
2500
2495
2491
2495
2499
2496
2492
2495
2495
2491
2491
2495
2491
2487
2487
2488
2491
2492
2488
2491
2487
2491
2487
2484
2492
2495
2488
2488
2483
2480
2488
2488
2491
2492
2491
2488
2492
2488
2484
2484
2488
2492
2495
2491
2496
2495
2500
2503
2500
2499
2499
2500
2496
2492
2491
2492
2496
2492
2492
2495
2496
2495
2491
2488
2496
2499
2499
2495
2492
2491
2492
2488
2488
2495
2495
2496
2495
2495
2499
2495
2488
2491
2492
2492
2487
2491
2491
2495
2499
2495
2492
2495
2496
2495
2496
2495
2496
2496
2496
2491
2491
2492
2488
2491
2495
2503
2492
2487
2483
2483
2492
2492
2487
2488
2488
2484
2487
2484
2491
2492
2491
2499
2495
2495
2499
2503
2499
2495
2496
2499
2496
2496
2495
2495
2495
2492
2496
2495
2491
2492
2492
2495
2496
2491
2488
2484
2484
2483
2487
2483
2483
2480
2479
2484
2488
2483
2480
2480
2488
2488
2492
2492
2495
2500
2507
2500
2499
2495
2495
2496
2499
2500
2496
2496
2488
2488
2487
2488
2488
2487
2488
2492
2491
2487
2484
2483
2487
2492
2492
2492
2491
2491
2492
2495
2492
2496
2499
2499
2503
2496
2491
2496
2499
2491
2491
2495
2492
2487
2488
2488
2495
2496
2495
2495
2492
2492
2492
2491
2495
2492
2495
2495
2495
2496
2499
2492
2491
2487
2484
2484
2487
2488
2491
2491
2491
2487
2484
2491
2495
2496
2499
2495
2499
2503
2500
2500
2499
2496
2495
2499
2499
2500
2496
2495
2492
2491
2487
2487
2487
2491
2491
2491
2492
2492
2492
2495
2492
2491
2496
2495
2495
2495
2491
2492
2495
2495
2496
2496
2499
2492
2487
2484
2487
2488
2492
2495
2491
2488
2492
2495
2495
2495
2496
2499
2496
2496
2495
2492
2491
2487
2487
2491
2488
2492
2491
2488
2488
2488
2491
2495
2499
2500
2496
2492
2492
2496
2499
2496
2496
2495
2491
2491
2488
2491
2491
2488
2492
2491
2487
2487
2488
2495
2499
2496
2499
2496
2492
2488
2492
2491
2491
2488
2491
2488
2484
2491
2495
2495
2491
2488
2496
2496
2496
2491
2491
2491
2491
2488
2488
2495
2496
2496
2495
2496
2496
2492
2492
2495
2492
2496
2496
2496
2492
2491
2487
2491
2492
2496
2500
2499
2491
2488
2488
2491
2488
2487
2488
2487
2487
2492
2496
2496
2495
2492
2495
2492
2488
2487
2488
2495
2496
2492
2492
2491
2495
2492
2492
2492
2500
2495
2492
2495
2495
2500
2495
2488
2492
2487
2488
2488
2492
2491
2488
2495
2495
2488
2487
2491
2492
2488
2491
2491
2491
2488
2491
2491
2495
2495
2499
2492
2488
2495
2496
2499
2499
2496
2492
2492
2495
2492
2488
2495
2495
2491
2491
2492
2492
2492
2491
2495
2492
2488
2491
2495
2500
2495
2492
2491
2488
2492
2496
2492
2488
2491
2492
2491
2492
2491
2488
2491
2487
2487
2492
2495
2491
2492
2488
2492
2496
2496
2495
2495
2499
2503
2499
2499
2503
2503
2503
2500
2495
2495
2496
2496
2496
2488
2491
2495
2495
2491
2484
2488
2492
2488
2491
2488
2492
2488
2487
2484
2488
2492
2492
2491
2491
2492
2491
2499
2500
2496
2492
2495
2499
2495
2488
2491
2491
2496
2495
2496
2496
2492
2492
2496
2491
2487
2491
2492
2496
2496
2487
2484
2491
2492
2488
2491
2495
2492
2487
2483
2488
2492
2491
2491
2492
2491
2495
2496
2495
2495
2491
2492
2491
2492
2488
2495
2499
2492
2492
2491
2488
2488
2488
2491
2492
2496
2499
2491
2488
2491
2492
2499
2496
2492
2496
2495
2491
2491
2495
2496
2495
2492
2495
2496
2491
2487
2492
2495
2492
2492
2492
2492
2495
2492
2492
2495
2499
2500
2496
2496
2495
2496
2499
2499
2495
2492
2495
2492
2488
2488
2492
2491
2488
2491
2495
2495
2492
2499
2492
2495
2491
2492
2492
2496
2491
2487
2491
2492
2495
2492
2492
2491
2487
2488
2488
2495
2499
2496
2495
2491
2491
2492
2495
2488
2488
2492
2495
2495
2496
2495
2488
2487
2492
2492
2491
2492
2491
2491
2495
2488
2488
2491
2491
2487
2487
2484
2487
2487
2484
2488
2488
2491
2487
2488
2492
2496
2495
2492
2495
2499
2496
2495
2492
2496
2495
2495
2499
2500
2499
2500
2499
2496
2495
2495
2496
2496
2495
2499
2492
2488
2487
2483
2491
2487
2484
2487
2487
2492
2495
2495
2492
2496
2499
2495
2488
2492
2495
2488
2487
2492
2495
2495
2492
2487
2484
2491
2499
2492
2495
2496
2500
2500
2500
2496
2492
2491
2500
2503
2499
2491
2492
2491
2492
2488
2488
2491
2491
2491
2492
2491
2491
2487
2491
2495
2488
2487
2492
2495
2492
2492
2492
2496
2496
2496
2488
2487
2488
2491
2488
2488
2492
2492
2483
2487
2484
2488
2492
2499
2492
2488
2495
2499
2499
2495
2495
2495
2492
2495
2492
2491
2492
2491
2492
2492
2487
2483
2488
2492
2492
2488
2488
2492
2488
2487
2492
2491
2491
2496
2496
2499
2495
2499
2503
2503
2496
2495
2491
2495
2492
2492
2488
2496
2495
2495
2491
2488
2492
2491
2488
2492
2492
2491
2484
2491
2492
2499
2492
2492
2499
2496
2492
2491
2495
2495
2491
2483
2484
2488
2488
2488
2491
2491
2491
2495
2495
2495
2492
2487
2491
2496
2496
2488
2488
2492
2496
2492
2495
2495
2500
2496
2488
2491
2495
2496
2492
2492
2491
2488
2484
2483
2487
2488
2487
2487
2487
2488
2488
2491
2496
2496
2495
2488
2492
2491
2495
2496
2492
2483
2488
2500
2499
2491
2492
2491
2499
2496
2495
2495
2495
2500
2496
2495
2495
2492
2492
2488
2496
2492
2488
2488
2491
2492
2491
2492
2492
2488
2495
2495
2492
2492
2491
2495
2492
2492
2496
2492
2495
2495
2492
2492
2492
2495
2495
2492
2492
2492
2491
2499
2500
2495
2488
2495
2495
2496
2492
2488
2491
2492
2492
2491
2492
2495
2492
2492
2492
2495
2496
2495
2492
2495
2491
2492
2495
2492
2491
2488
2487
2488
2488
2488
2488
2491
2492
2491
2492
2491
2492
2492
2488
2484
2488
2492
2492
2492
2491
2491
2487
2492
2492
2492
2492
2491
2491
2487
2488
2492
2492
2492
2491
2496
2495
2492
2492
2495
2495
2492
2492
2492
2492
2492
2492
2491
2492
2495
2492
2495
2495
2496
2492
2491
2487
2487
2491
2496
2495
2488
2491
2492
2495
2488
2492
2492
2492
2491
2492
2492
2492
2492
2496
2495
2499
2499
2496
2495
2499
2496
2496
2492
2492
2496
2499
2499
2496
2495
2499
2499
2492
2487
2487
2492
2492
2491
2487
2488
2488
2491
2484
2487
2487
2488
2491
2491
2491
2495
2492
2491
2492
2495
2491
2491
2491
2491
2491
2492
2496
2492
2492
2492
2495
2495
2487
2487
2492
2491
2491
2492
2491
2487
2487
2488
2492
2495
2496
2495
2492
2492
2492
2492
2491
2492
2491
2491
2495
2496
2495
2496
2488
2488
2488
2495
2499
2492
2491
2491
2495
2492
2496
2495
2492
2491
2495
2495
2487
2492
2492
2488
2491
2491
2495
2491
2492
2491
2491
2487
2488
2491
2492
2495
2491
2491
2487
2484
2491
2495
2499
2496
2496
2496
2495
2488
2492
2491
2492
2491
2492
2495
2495
2491
2488
2491
2495
2491
2491
2492
2491
2491
2492
2495
2495
2495
2492
2495
2492
2491
2491
2491
2487
2488
2491
2491
2487
2487
2491
2491
2488
2495
2495
2491
2492
2496
2496
2495
2499
2496
2495
2496
2495
2492
2492
2495
2496
2492
2495
2495
2492
2492
2492
2487
2488
2491
2492
2492
2492
2492
2491
2495
2499
2495
2492
2491
2491
2491
2492
2495
2492
2496
2492
2487
2491
2488
2491
2492
2495
2491
2488
2491
2491
2491
2491
2492
2495
2492
2492
2492
2491
2491
2491
2492
2496
2491
2491
2496
2499
2492
2492
2495
2495
2495
2495
2492
2491
2496
2499
2495
2491
2496
2500
2495
2491
2492
2487
2483
2491
2492
2488
2484
2491
2492
2496
2495
2495
2499
2491
2488
2491
2492
2496
2488
2491
2491
2495
2496
2492
2484
2487
2495
2495
2495
2495
2495
2492
2495
2495
2491
2492
2491
2495
2495
2487
2488
2492
2495
2495
2495
2488
2487
2495
2491
2487
2491
2492
2495
2492
2492
2492
2492
2492
2492
2495
2492
2491
2495
2495
2495
2488
2483
2487
2492
2492
2495
2495
2491
2495
2496
2496
2492
2496
2495
2495
2491
2488
2491
2488
2491
2484
2491
2491
2491
2488
2491
2492
2491
2496
2496
2492
2492
2499
2496
2495
2491
2492
2492
2495
2495
2492
2491
2492
2492
2491
2488
2491
2487
2488
2491
2492
2492
2492
2491
2495
2500
2496
2491
2492
2495
2495
2495
2495
2491
2492
2495
2496
2496
2492
2488
2495
2500
2499
2492
2495
2495
2487
2488
2492
2492
2492
2488
2488
2496
2496
2495
2491
2492
2495
2492
2495
2499
2500
2496
2496
2491
2491
2496
2500
2496
2484
2484
2492
2496
2488
2488
2492
2495
2487
2488
2491
2492
2492
2496
2492
2491
2491
2495
2492
2492
2492
2492
2487
2487
2491
2492
2495
2496
2495
2491
2492
2496
2495
2492
2487
2487
2488
2488
2492
2491
2488
2488
2491
2491
2491
2495
2491
2488
2488
2491
2491
2496
2496
2495
2495
2496
2495
2492
2491
2495
2496
2496
2495
2495
2499
2495
2495
2496
2496
2495
2488
2488
2492
2491
2491
2492
2491
2492
2491
2488
2488
2492
2491
2491
2492
2491
2488
2488
2495
2495
2496
2495
2499
2495
2495
2495
2495
2499
2495
2492
2491
2484
2491
2495
2495
2488
2488
2495
2492
2495
2496
2499
2496
2499
2496
2488
2487
2495
2499
2499
2492
2492
2488
2491
2488
2488
2487
2488
2495
2491
2487
2488
2488
2491
2491
2491
2492
2491
2499
2495
2491
2492
2499
2500
2492
2492
2492
2492
2492
2491
2492
2492
2492
2492
2491
2492
2492
2491
2484
2491
2495
2495
2492
2488
2487
2492
2495
2492
2488
2491
2492
2495
2492
2495
2492
2492
2495
2492
2495
2495
2495
2491
2492
2495
2491
2491
2491
2491
2496
2499
2496
2492
2492
2492
2491
2488
2492
2495
2492
2491
2492
2492
2492
2492
2492
2492
2492
2492
2492
2495
2496
2492
2492
2488
2484
2492
2496
2492
2487
2491
2495
2495
2491
2488
2495
2495
2492
2488
2491
2499
2496
2496
2491
2491
2491
2488
2488
2495
2495
2492
2491
2491
2491
2492
2495
2492
2495
2491
2492
2491
2496
2496
2495
2496
2495
2492
2488
2488
2495
2492
2495
2495
2495
2488
2488
2488
2491
2492
2492
2492
2487
2488
2495
2495
2495
2492
2495
2492
2492
2492
2495
2496
2491
2491
2491
2492
2491
2487
2492
2496
2495
2487
2488
2492
2492
2491
2488
2491
2487
2491
2495
2495
2491
2487
2488
2491
2492
2487
2488
2492
2492
2495
2495
2495
2496
2499
2496
2492
2492
2496
2496
2496
2495
2495
2495
2495
2491
2487
2491
2492
2491
2484
2488
2492
2492
2492
2492
2492
2492
2496
2495
2492
2495
2499
2491
2487
2491
2496
2499
2492
2491
2484
2488
2496
2496
2491
2492
2491
2495
2495
2495
2496
2496
2492
2495
2495
2499
2496
2499
2496
2492
2488
2492
2496
2496
2487
2488
2487
2487
2491
2488
2487
2488
2491
2487
2487
2491
2492
2499
2496
2495
2492
2492
2491
2491
2492
2495
2492
2491
2488
2492
2492
2491
2492
2495
2496
2495
2492
2488
2487
2492
2495
2496
2492
2488
2492
2495
2491
2488
2491
2495
2492
2495
2492
2495
2492
2492
2492
2492
2492
2492
2492
2495
2495
2496
2492
2495
2495
2491
2495
2495
2492
2495
2492
2495
2495
2492
2492
2488
2488
2488
2495
2495
2492
2495
2495
2492
2492
2492
2495
2492
2492
2495
2492
2487
2488
2496
2496
2488
2491
2491
2492
2496
2495
2496
2495
2495
2495
2491
2492
2495
2495
2495
2492
2491
2492
2492
2488
2488
2488
2488
2491
2495
2492
2487
2484
2488
2492
2491
2491
2491
2491
2488
2491
2491
2495
2492
2488
2487
2495
2491
2491
2492
2495
2496
2496
2496
2492
2491
2496
2499
2495
2491
2495
2496
2488
2488
2488
2491
2491
2488
2487
2492
2492
2495
2491
2495
2496
2495
2495
2492
2491
2488
2491
2488
2491
2491
2487
2488
2492
2488
2492
2496
2492
2496
2495
2492
2492
2495
2495
2487
2488
2495
2492
2495
2492
2491
2491
2492
2495
2495
2492
2488
2492
2495
2499
2496
2495
2492
2496
2496
2496
2492
2495
2499
2492
2491
2495
2495
2496
2496
2491
2488
2492
2496
2495
2500
2499
2496
2491
2492
2496
2495
2488
2492
2496
2495
2488
2491
2496
2496
2488
2488
2488
2491
2488
2491
2492
2495
2491
2487
2488
2492
2496
2488
2488
2488
2495
2492
2488
2488
2488
2488
2492
2492
2491
2488
2491
2492
2495
2491
2492
2495
2499
2492
2491
2492
2496
2495
2495
2492
2491
2488
2488
2491
2495
2496
2496
2492
2492
2495
2496
2492
2496
2495
2496
2492
2492
2492
2492
2491
2491
2492
2487
2491
2491
2491
2491
2491
2492
2492
2495
2495
2491
2495
2496
2495
2491
2488
2495
2495
2495
2492
2495
2495
2488
2491
2488
2488
2492
2491
2492
2491
2488
2484
2492
2496
2495
2491
2491
2488
2488
2488
2491
2492
2492
2491
2488
2488
2491
2492
2492
2492
2491
2495
2495
2492
2491
2491
2491
2492
2495
2495
2492
2492
2492
2496
2492
2495
2495
2492
2487
2484
2488
2491
2492
2487
2491
2488
2491
2488
2495
2492
2495
2495
2492
2491
2491
2492
2495
2492
2487
2488
2491
2488
2491
2495
2492
2492
2492
2495
2495
2496
2496
2499
2496
2492
2492
2491
2488
2495
2495
2495
2487
2492
2495
2492
2492
2491
2492
2491
2488
2492
2491
2492
2491
2492
2495
2491
2488
2488
2495
2491
2488
2487
2487
2491
2492
2496
2499
2499
2499
2499
2496
2499
2492
2492
2491
2491
2495
2492
2495
2491
2495
2491
2492
2488
2484
2491
2491
2492
2496
2491
2491
2492
2496
2491
2492
2495
2495
2495
2492
2492
2491
2491
2495
2492
2491
2491
2492
2495
2488
2492
2495
2491
2491
2491
2496
2496
2492
2491
2491
2496
2496
2495
2492
2492
2495
2491
2496
2499
2495
2487
2492
2496
2492
2488
2491
2496
2499
2492
2491
2492
2496
2492
2491
2484
2495
2495
2496
2492
2495
2491
2491
2492
2499
2496
2488
2491
2495
2496
2492
2492
2496
2492
2491
2491
2492
2491
2491
2488
2491
2492
2488
2488
2488
2491
2492
2492
2495
2491
2495
2495
2491
2492
2491
2484
2492
2492
2491
2488
2492
2495
2492
2488
2491
2495
2496
2499
2496
2492
2492
2496
2492
2492
2495
2495
2492
2487
2491
2492
2492
2488
2488
2484
2487
2492
2491
2487
2488
2492
2492
2491
2488
2492
2492
2491
2492
2496
2495
2491
2488
2491
2492
2495
2495
2488
2488
2496
2495
2488
2484
2488
2495
2492
2492
2484
2491
2492
2488
2495
2495
2492
2487
2492
2495
2495
2492
2492
2492
2491
2495
2495
2496
2500
2495
2491
2491
2492
2488
2491
2495
2496
2496
2492
2492
2495
2491
2488
2496
2500
2499
2495
2492
2491
2492
2491
2484
2491
2492
2491
2491
2495
2491
2488
2495
2495
2487
2492
2491
2492
2492
2496
2495
2491
2491
2496
2495
2495
2491
2488
2488
2488
2488
2491
2496
2496
2496
2496
2495
2492
2491
2488
2492
2488
2488
2495
2495
2499
2496
2491
2495
2496
2492
2484
2488
2491
2488
2488
2491
2491
2488
2488
2487
2491
2492
2491
2496
2495
2488
2492
2492
2496
2491
2491
2496
2496
2492
2495
2496
2495
2495
2496
2495
2492
2491
2491
2492
2492
2491
2492
2495
2491
2491
2491
2492
2496
2495
2491
2491
2492
2495
2492
2492
2492
2492
2491
2491
2491
2495
2492
2495
2496
2496
2492
2495
2495
2491
2495
2496
2491
2488
2492
2496
2499
2499
2492
2495
2496
2496
2491
2484
2483
2491
2495
2492
2491
2488
2492
2495
2496
2491
2495
2495
2495
2491
2492
2492
2495
2499
2496
2491
2491
2492
2492
2495
2495
2488
2491
2495
2495
2495
2491
2488
2492
2491
2488
2492
2496
2491
2488
2491
2492
2495
2495
2492
2495
2492
2491
2488
2492
2496
2492
2488
2487
2488
2495
2499
2492
2492
2492
2492
2491
2488
2495
2492
2491
2495
2496
2495
2495
2495
2496
2492
2492
2488
2491
2491
2492
2492
2492
2492
2492
2491
2492
2499
2496
2491
2495
2492
2488
2487
2488
2492
2491
2487
2491
2492
2496
2499
2491
2492
2491
2492
2487
2491
2492
2487
2487
2487
2488
2492
2491
2488
2491
2488
2492
2495
2496
2491
2491
2488
2495
2492
2491
2487
2495
2495
2492
2492
2496
2500
2495
2492
2495
2496
2495
2488
2496
2496
2495
2491
2491
2492
2495
2491
2491
2491
2491
2495
2496
2492
2491
2495
2495
2491
2495
2496
2496
2495
2495
2496
2496
2492
2491
2492
2491
2491
2488
2487
2488
2491
2491
2492
2495
2496
2495
2492
2488
2496
2499
2495
2488
2492
2495
2495
2487
2488
2492
2496
2495
2491
2495
2496
2496
2499
2492
2491
2488
2492
2491
2492
2491
2491
2488
2487
2492
2496
2495
2491
2484
2487
2488
2492
2491
2488
2495
2495
2495
2495
2495
2488
2487
2492
2496
2488
2491
2491
2491
2491
2491
2495
2491
2488
2492
2491
2495
2492
2491
2491
2496
2495
2488
2488
2491
2491
2492
2492
2495
2491
2492
2492
2492
2495
2492
2492
2491
2491
2495
2492
2492
2491
2491
2495
2492
2488
2488
2496
2495
2492
2488
2491
2495
2492
2492
2488
2488
2492
2495
2492
2492
2491
2495
2491
2491
2495
2491
2491
2495
2492
2491
2488
2492
2488
2492
2495
2496
2488
2488
2488
2487
2492
2496
2495
2492
2491
2488
2491
2491
2487
2488
2488
2491
2496
2492
2491
2491
2495
2496
2495
2492
2491
2491
2492
2491
2487
2491
2492
2495
2492
2488
2488
2491
2496
2499
2496
2495
2491
2488
2487
2492
2492
2496
2495
2496
2491
2491
2492
2496
2495
2491
2491
2491
2492
2492
2492
2495
2496
2492
2492
2491
2491
2488
2487
2488
2491
2488
2492
2491
2488
2491
2492
2496
2499
2492
2491
2488
2492
2495
2495
2492
2491
2491
2491
2491
2491
2491
2495
2495
2495
2495
2491
2496
2496
2492
2492
2492
2491
2488
2491
2491
2488
2491
2495
2492
2491
2492
2492
2491
2491
2492
2496
2496
2492
2495
2492
2495
2499
2496
2495
2496
2499
2495
2492
2487
2487
2492
2495
2492
2496
2496
2488
2492
2496
2492
2488
2484
2491
2492
2495
2492
2495
2492
2495
2491
2492
2492
2492
2491
2492
2488
2488
2491
2495
2495
2492
2491
2496
2496
2491
2484
2483
2488
2492
2487
2487
2491
2495
2495
2495
2492
2488
2487
2491
2491
2484
2488
2492
2492
2495
2488
2491
2495
2495
2492
2488
2491
2491
2492
2492
2492
2495
2491
2491
2488
2491
2492
2495
2491
2487
2491
2496
2495
2488
2491
2495
2492
2492
2495
2495
2499
2491
2487
2488
2495
2496
2496
2495
2492
2491
2492
2491
2491
2492
2491
2491
2499
2499
2495
2492
2492
2492
2495
2491
2492
2492
2495
2492
2491
2495
2499
2496
2491
2488
2499
2503
2495
2492
2496
2496
2495
2491
2487
2488
2492
2488
2491
2492
2491
2491
2492
2492
2492
2492
2492
2492
2492
2492
2491
2495
2492
2487
2495
2495
2496
2492
2487
2491
2491
2491
2491
2491
2492
2495
2492
2491
2488
2495
2491
2491
2495
2492
2495
2495
2492
2495
2496
2496
2496
2491
2491
2492
2488
2487
2487
2495
2495
2492
2492
2491
2491
2491
2488
2488
2492
2495
2488
2488
2491
2491
2491
2492
2495
2496
2500
2495
2492
2495
2499
2491
2488
2487
2491
2496
2495
2491
2491
2488
2491
2496
2492
2492
2492
2488
2491
2495
2496
2488
2488
2495
2492
2492
2495
2492
2492
2491
2487
2491
2491
2487
2487
2491
2491
2491
2491
2488
2488
2488
2492
2491
2491
2491
2491
2491
2488
2488
2488
2492
2495
2491
2491
2491
2492
2491
2487
2491
2492
2499
2499
2495
2492
2491
2492
2492
2491
2495
2495
2492
2492
2491
2491
2491
2495
2492
2488
2491
2488
2488
2492
2495
2491
2488
2491
2491
2491
2492
2495
2496
2492
2487
2491
2492
2491
2491
2496
2496
2495
2495
2492
2492
2492
2495
2488
2491
2491
2491
2487
2487
2488
2492
2495
2491
2495
2492
2492
2491
2495
2495
2496
2496
2496
2495
2488
2487
2496
2495
2491
2491
2492
2495
2491
2491
2492
2492
2496
2495
2491
2488
2491
2495
2492
2488
2491
2491
2487
2484
2488
2491
2495
2496
2496
2491
2492
2496
2495
2495
2492
2495
2491
2492
2492
2491
2492
2492
2487
2492
2496
2495
2491
2491
2495
2496
2492
2491
2488
2491
2491
2488
2491
2492
2488
2487
2491
2492
2491
2492
2491
2488
2492
2496
2491
2488
2491
2492
2488
2488
2492
2495
2495
2495
2496
2496
2496
2499
2499
2492
2491
2491
2492
2492
2491
2491
2491
2495
2491
2491
2495
2491
2492
2488
2492
2491
2488
2491
2488
2488
2495
2491
2492
2492
2492
2496
2495
2488
2495
2495
2495
2491
2487
2491
2495
2492
2492
2488
2492
2495
2496
2492
2496
2496
2495
2492
2492
2496
2495
2496
2492
2492
2492
2492
2491
2491
2491
2495
2495
2492
2488
2491
2491
2495
2492
2492
2495
2496
2499
2491
2491
2491
2492
2491
2495
2492
2495
2495
2492
2491
2488
2488
2488
2496
2496
2495
2495
2495
2487
2488
2495
2492
2496
2492
2496
2492
2491
2487
2488
2488
2491
2491
2492
2491
2491
2492
2487
2491
2488
2488
2492
2495
2496
2492
2495
2492
2491
2491
2492
2492
2495
2488
2491
2495
2495
2492
2495
2492
2492
2491
2492
2492
2492
2488
2488
2488
2487
2491
2491
2491
2495
2496
2492
2488
2488
2491
2491
2491
2488
2491
2488
2492
2492
2496
2492
2492
2491
2495
2500
2499
2492
2492
2496
2499
2496
2491
2491
2492
2491
2495
2496
2495
2491
2487
2491
2496
2495
2492
2484
2492
2496
2491
2491
2492
2496
2492
2488
2488
2487
2491
2496
2496
2488
2484
2491
2491
2488
2487
2491
2491
2491
2488
2488
2491
2495
2491
2491
2496
2495
2495
2491
2488
2495
2491
2492
2491
2491
2487
2492
2496
2495
2492
2488
2491
2491
2492
2492
2492
2495
2491
2491
2496
2492
2495
2491
2492
2495
2495
2496
2496
2495
2495
2491
2491
2492
2492
2496
2495
2488
2491
2499
2492
2496
2495
2491
2484
2491
2495
2491
2488
2488
2491
2492
2495
2492
2496
2495
2495
2495
2492
2491
2499
2492
2492
2488
2488
2491
2496
2495
2491
2487
2495
2496
2491
2492
2492
2495
2496
2495
2495
2495
2491
2492
2496
2495
2496
2496
2495
2492
2491
2496
2496
2495
2491
2492
2491
2491
2496
2499
2492
2488
2492
2495
2495
2492
2492
2492
2495
2488
2487
2487
2491
2488
2488
2491
2488
2491
2496
2495
2491
2491
2495
2496
2495
2492
2492
2492
2491
2491
2491
2492
2487
2491
2488
2491
2492
2495
2496
2499
2492
2492
2492
2492
2491
2492
2496
2492
2492
2488
2492
2499
2496
2495
2488
2491
2492
2488
2491
2495
2495
2495
2491
2487
2491
2496
2495
2492
2495
2496
2495
2496
2492
2495
2495
2492
2491
2491
2495
2495
2491
2488
2492
2495
2495
2496
2495
2491
2491
2495
2495
2496
2491
2491
2495
2495
2491
2491
2495
2492
2492
2492
2487
2491
2492
2492
2492
2495
2492
2491
2492
2496
2492
2491
2488
2495
2492
2488
2491
2495
2495
2495
2499
2492
2491
2492
2492
2495
2495
2488
2487
2495
2495
2495
2492
2492
2495
2495
2495
2491
2492
2495
2491
2491
2488
2491
2491
2488
2492
2495
2500
2499
2495
2491
2491
2491
2488
2495
2492
2487
2491
2491
2487
2491
2492
2488
2492
2492
2491
2492
2492
2495
2492
2496
2491
2491
2492
2492
2492
2492
2495
2488
2491
2496
2492
2491
2492
2492
2492
2495
2487
2491
2496
2495
2491
2487
2492
2496
2491
2488
2492
2491
2492
2492
2492
2491
2495
2500
2491
2488
2495
2492
2488
2492
2496
2499
2495
2491
2491
2488
2492
2495
2495
2492
2491
2491
2492
2499
2499
2492
2488
2491
2492
2488
2488
2492
2495
2495
2492
2495
2492
2488
2487
2491
2488
2495
2496
2492
2488
2491
2495
2491
2492
2491
2488
2491
2492
2496
2496
2492
2488
2492
2495
2496
2492
2491
2491
2491
2488
2492
2488
2488
2491
2492
2495
2492
2495
2492
2492
2495
2495
2495
2500
2496
2488
2487
2495
2496
2492
2487
2492
2492
2492
2487
2491
2488
2487
2484
2488
2495
2495
2496
2491
2491
2496
2496
2496
2495
2499
2496
2491
2488
2491
2491
2491
2491
2491
2495
2491
2491
2488
2491
2488
2492
2495
2495
2491
2491
2491
2491
2492
2495
2495
2495
2492
2495
2492
2491
2495
2492
2492
2492
2492
2491
2492
2496
2496
2495
2491
2492
2495
2492
2492
2488
2491
2488
2492
2496
2496
2495
2495
2491
2491
2491
2492
2491
2488
2488
2496
2499
2496
2488
2492
2495
2495
2488
2488
2491
2492
2499
2495
2492
2492
2491
2492
2488
2488
2492
2492
2495
2491
2492
2495
2495
2491
2492
2492
2491
2488
2488
2492
2496
2492
2488
2491
2495
2496
2495
2496
2499
2495
2499
2503
2499
2495
2499
2495
2491
2491
2492
2492
2488
2491
2492
2496
2499
2492
2491
2491
2492
2496
2492
2492
2492
2492
2492
2496
2496
2499
2491
2492
2492
2488
2491
2491
2491
2492
2492
2491
2488
2495
2492
2496
2495
2492
2491
2491
2492
2492
2492
2491
2492
2491
2492
2495
2495
2492
2488
2492
2495
2496
2495
2491
2492
2495
2495
2491
2487
2491
2492
2492
2492
2492
2492
2495
2491
2495
2495
2495
2492
2492
2495
2492
2491
2495
2495
2488
2487
2495
2499
2491
2492
2492
2496
2496
2496
2499
2495
2488
2491
2492
2491
2491
2492
2492
2491
2492
2495
2492
2492
2491
2491
2491
2488
2491
2492
2492
2492
2492
2496
2496
2488
2491
2495
2488
2488
2488
2491
2492
2492
2491
2491
2491
2495
2495
2495
2495
2495
2491
2492
2492
2492
2492
2491
2495
2492
2491
2491
2491
2492
2495
2492
2492
2496
2492
2492
2492
2492
2496
2499
2499
2496
2491
2495
2499
2499
2495
2495
2492
2491
2487
2491
2491
2491
2491
2491
2488
2488
2491
2491
2488
2492
2495
2492
2488
2491
2488
2492
2487
2484
2491
2491
2492
2488
2491
2491
2492
2492
2495
2495
2491
2488
2488
2492
2492
2492
2495
2491
2492
2492
2492
2488
2495
2499
2492
2488
2491
2491
2492
2495
2499
2495
2488
2488
2491
2488
2491
2491
2492
2495
2492
2495
2495
2492
2488
2491
2491
2492
2495
2495
2495
2496
2496
2496
2491
2491
2492
2491
2492
2492
2495
2491
2492
2492
2496
2496
2492
2495
2499
2495
2495
2499
2492
2495
2488
2491
2491
2496
2496
2491
2495
2495
2492
2491
2491
2491
2495
2492
2495
2491
2487
2491
2492
2487
2491
2495
2495
2496
2491
2491
2495
2492
2488
2488
2492
2492
2491
2492
2492
2492
2492
2492
2499
2492
2492
2495
