2491
2495
2495
2491
2491
2495
2492
2491
2495
2495
2496
2492
2488
2492
2495
2499
2496
2496
2492
2495
2491
2492
2492
2492
2495
2495
2492
2492
2495
2495
2492
2491
2491
2496
2495
2495
2491
2491
2491
2488
2496
2495
2491
2487
2495
2496
2495
2488
2491
2491
2492
2491
2488
2491
2492
2492
2495
2495
2496
2496
2495
2492
2488
2491
2491
2499
2496
2491
2492
2492
2492
2491
2492
2495
2491
2492
2496
2496
2492
2488
2488
2492
2496
2492
2491
2491
2491
2492
2492
2492
2491
2492
2495
2492
2496
2500
2491
2491
2495
2500
2499
2492
2487
2491
2491
2492
2492
2495
2491
2492
2495
2495
2491
2492
2496
2495
2495
2499
2492
2492
2491
2495
2488
2491
2495
2496
2496
2492
2492
2496
2499
2495
2495
2492
2492
2496
2495
2496
2491
2491
2487
2488
2492
2492
2491
2492
2491
2491
2496
2492
2492
2495
2492
2495
2491
2492
2495
2496
2495
2491
2492
2499
2496
2492
2492
2499
2495
2491
2491
2495
2492
2487
2495
2495
2491
2492
2491
2495
2495
2495
2495
2492
2492
2496
2495
2495
2488
2491
2492
2492
2492
2495
2492
2491
2491
2491
2492
2492
2492
2496
2491
2488
2487
2491
2492
2491
2491
2491
2495
2495
2492
2492
2495
2496
2499
2500
2499
2495
2495
2495
2492
2496
2500
2496
2499
2492
2491
2492
2495
2492
2492
2488
2484
2488
2491
2491
2484
2484
2488
2492
2492
2492
2491
2491
2488
2491
2491
2487
2492
2491
2488
2491
2495
2496
2496
2495
2496
2495
2492
2495
2496
2499
2496
2491
2491
2495
2495
2495
2495
2492
2495
2495
2488
2488
2492
2488
2488
2491
2496
2495
2491
2492
2495
2495
2491
2491
2492
2496
2496
2488
2488
2488
2492
2492
2492
2488
2491
2492
2495
2492
2492
2495
2496
2496
2496
2492
2495
2492
2495
2500
2496
2491
2487
2491
2495
2495
2491
2491
2495
2495
2491
2491
2495
2492
2496
2496
2495
2491
2495
2495
2495
2492
2495
2495
2499
2495
2495
2495
2492
2491
2496
2500
2496
2496
2492
2492
2495
2495
2492
2491
2495
2491
2491
2496
2495
2495
2492
2492
2492
2492
2495
2495
2495
2492
2491
2496
2496
2496
2495
2495
2496
2495
2492
2496
2496
2491
2488
2491
2495
2492
2491
2496
2499
2492
2492
2495
2488
2488
2484
2484
2483
2488
2496
2496
2515
2511
2504
2484
2488
2491
2491
2496
2503
2504
2492
2484
2488
2488
2499
2511
2515
2515
2507
2500
2491
2484
2472
2472
2495
2499
2511
2504
2484
2472
2467
2480
2496
2496
2504
2499
2492
2500
2504
2488
2496
2496
2503
2499
2483
2479
2475
2471
2480
2475
2472
2460
2468
2460
2448
2448
2456
2460
2460
2463
2471
2472
2468
2456
2464
2480
2480
2488
2500
2500
2491
2503
2503
2504
2512
2515
2520
2515
2515
2516
2507
2516
2519
2515
2508
2504
2504
2508
2511
2511
2515
2515
2504
2507
2515
2512
2515
2512
2515
2519
2515
2516
2520
2528
2591
2599
2672
2688
2691
2844
2955
2868
2860
2831
2627
2587
2547
2427
2312
2152
2000
2064
2064
2143
2168
1984
1955
1971
2040
2151
2332
2440
2616
2659
2759
2772
2627
2572
2580
2580
2604
2600
2552
2452
2416
2371
2335
2352
2432
2460
2467
2488
2507
2587
2603
2663
2636
2596
2652
2608
2688
2671
2660
2632
2616
2583
2543
2555
2548
2515
2475
2479
2460
2476
2479
2515
2531
2540
2599
2611
2603
2576
2544
2560
2532
2496
2443
2472
2448
2403
2327
2292
2272
2248
2240
2272
2272
2296
2304
2324
2356
2412
2440
2488
2528
2516
2512
2531
2579
2580
2595
2603
2599
2631
2671
2668
2639
2600
2583
2527
2532
2488
2476
2479
2503
2528
2540
2539
2535
2548
2568
2656
2668
2647
2652
2643
2579
2507
2480
2452
2408
2396
2383
2384
2396
2356
2355
2323
2303
2284
2312
2320
2351
2376
2419
2396
2403
2459
2496
2467
2500
2548
2584
2591
2607
2616
2635
2671
2696
2663
2644
2584
2580
2564
2567
2531
2519
2515
2519
2495
2484
2456
2380
2311
2340
2356
2344
2423
2400
2327
2275
2292
2344
2459
2455
2492
2495
2519
2475
2520
2596
2628
2547
2548
2528
2540
2567
2608
2551
2540
2488
2528
2555
2587
2588
2595
2548
2531
2559
2532
2512
2448
2428
2459
2459
2464
2476
2456
2455
2443
2472
2459
2479
2471
2503
2531
2528
2604
2644
2648
2636
2624
2564
2544
2559
2527
2496
2491
2524
2524
2480
2480
2432
2463
2499
2528
2515
2503
2515
2583
2579
2543
2479
2463
2483
2423
2419
2340
2355
2339
2367
2380
2456
2472
2499
2540
2523
2551
2563
2571
2564
2567
2499
2488
2488
2467
2452
2423
2423
2451
2436
2415
2415
2407
2420
2444
2440
2412
2440
2399
2424
2455
2472
2500
2440
2503
2491
2504
2495
2472
2483
2440
2488
2508
2519
2531
2547
2576
2560
2599
2567
2496
2483
2428
2400
2451
2427
2428
2460
2484
2488
2479
2483
2476
2499
2479
2463
2420
2491
2507
2516
2527
2523
2555
2544
2515
2532
2539
2527
2499
2544
2556
2603
2575
2571
2556
2539
2571
2563
2539
2523
2499
2504
2491
2480
2479
2488
2508
2520
2523
2515
2503
2507
2520
2516
2519
2491
2528
2535
2515
2504
2507
2500
2492
2488
2492
2492
2476
2464
2419
2424
2444
2411
2416
2431
2440
2472
2455
2484
2504
2495
2519
2504
2496
2495
2507
2515
2508
2491
2551
2528
2543
2524
2519
2487
2488
2435
2380
2404
2375
2400
2380
2431
2411
2412
2424
2455
2460
2464
2484
2500
2499
2507
2508
2528
2519
2504
2460
2507
2508
2531
2520
2508
2512
2488
2492
2507
2471
2499
2492
2484
2476
2519
2544
2539
2540
2536
2555
2508
2512
2547
2524
2495
2508
2524
2487
2468
2472
2479
2460
2448
2460
2464
2436
2411
2427
2391
2415
2424
2407
2415
2415
2451
2484
2500
2527
2535
2539
2539
2528
2564
2572
2587
2584
2584
2552
2544
2584
2572
2540
2539
2532
2551
2571
2576
2588
2560
2544
2535
2507
2455
2431
2432
2440
2440
2444
2424
2427
2411
2408
2424
2436
2463
2484
2475
2511
2523
2539
2544
2535
2539
2488
2503
2479
2487
2484
2480
2484
2508
2487
2471
2488
2499
2491
2440
2440
2475
2471
2507
2472
2463
2472
2472
2476
2475
2504
2527
2496
2459
2464
2496
2512
2488
2495
2492
2491
2480
2479
2488
2495
2488
2504
2511
2508
2500
2484
2499
2507
2527
2532
2520
2540
2523
2508
2519
2511
2479
2483
2476
2443
2428
2411
2423
2435
2424
2431
2435
2455
2464
2467
2472
2468
2460
2455
2499
2480
2476
2479
2467
2503
2475
2468
2484
2483
2484
2488
2483
2476
2512
2527
2547
2547
2559
2563
2559
2563
2563
2575
2599
2584
2575
2543
2552
2547
2539
2516
2496
2495
2491
2491
2499
2515
2499
2472
2475
2491
2515
2512
2495
2472
2492
2480
2484
2499
2504
2503
2491
2475
2436
2435
2443
2444
2460
2451
2460
2459
2447
2448
2467
2472
2484
2484
2483
2492
2472
2483
2496
2527
2543
2548
2524
2512
2507
2487
2459
2439
2436
2448
2444
2468
2463
2475
2476
2483
2496
2492
2499
2508
2516
2524
2539
2544
2548
2556
2536
2523
2523
2503
2487
2483
2476
2471
2487
2480
2496
2508
2500
2496
2488
2507
2515
2507
2504
2508
2504
2492
2499
2487
2484
2483
2488
2476
2487
2468
2464
2483
2476
2488
2495
2463
2460
2468
2488
2480
2483
2491
2475
2463
2444
2448
2456
2459
2415
2427
2451
2471
2495
2504
2507
2515
2515
2547
2568
2544
2552
2552
2560
2544
2559
2544
2531
2519
2491
2487
2488
2488
2464
2476
2487
2480
2491
2471
2476
2512
2519
2519
2520
2503
2512
2516
2524
2511
2495
2499
2479
2468
2456
2420
2415
2428
2419
2444
2452
2447
2463
2464
2463
2480
2483
2491
2515
2507
2527
2520
2500
2515
2548
2547
2543
2543
2547
2556
2551
2548
2539
2511
2520
2516
2511
2504
2504
2507
2504
2504
2512
2504
2496
2471
2475
2492
2484
2471
2475
2476
2464
2475
2479
2468
2475
2460
2467
2467
2464
2456
2448
2452
2452
2439
2447
2471
2479
2468
2480
2471
2479
2483
2475
2476
2484
2480
2495
2503
2504
2516
2523
2511
2511
2503
2503
2499
2500
2523
2504
2511
2516
2524
2515
2512
2512
2527
2532
2524
2531
2543
2524
2512
2495
2503
2504
2499
2492
2496
2495
2479
2475
2468
2451
2460
2444
2456
2460
2463
2440
2443
2447
2440
2443
2439
2428
2431
2455
2463
2484
2487
2504
2512
2516
2532
2531
2535
2536
2532
2539
2543
2515
2511
2507
2511
2508
2503
2515
2519
2523
2520
2520
2520
2535
2539
2540
2544
2540
2535
2536
2531
2520
2523
2500
2483
2475
2464
2456
2460
2451
2459
2471
2471
2463
2468
2472
2483
2487
2492
2483
2479
2492
2504
2504
2503
2508
2508
2511
2527
2524
2508
2491
2476
2484
2483
2496
2503
2492
2492
2488
2496
2496
2488
2479
2480
2480
2480
2464
2460
2475
2472
2483
2468
2468
2487
2491
2479
2500
2512
2516
2523
2512
2503
2499
2503
2492
2499
2500
2507
2512
2515
2500
2496
2488
2487
2492
2484
2471
2464
2463
2451
2456
2452
2435
2419
2411
2423
2432
2427
2428
2456
2479
2492
2504
2523
2527
2535
2551
2556
2556
2556
2555
2556
2559
2556
2540
2527
2512
2508
2504
2507
2492
2479
2456
2451
2452
2460
2456
2464
2459
2452
2455
2451
2452
2456
2463
2463
2480
2483
2484
2495
2515
2519
2523
2536
2544
2543
2544
2547
2543
2548
2551
2544
2519
2536
2527
2516
2507
2503
2495
2488
2468
2475
2484
2483
2483
2472
2475
2488
2487
2475
2475
2491
2496
2499
2484
2495
2503
2523
2520
2512
2515
2524
2523
2527
2519
2515
2504
2496
2500
2500
2492
2479
2483
2471
2471
2459
2455
2448
2459
2448
2451
2452
2460
2467
2463
2468
2463
2471
2475
2475
2480
2480
2483
2487
2492
2483
2492
2484
2483
2491
2484
2487
2484
2475
2475
2475
2475
2476
2487
2492
2500
2507
2511
2512
2519
2523
2515
2508
2503
2511
2511
2512
2520
2520
2515
2504
2500
2507
2507
2504
2495
2491
2484
2483
2491
2488
2480
2479
2479
2483
2491
2495
2499
2487
2496
2488
2487
2488
2499
2496
2496
2491
2492
2496
2500
2499
2503
2504
2511
2516
2515
2523
2519
2507
2520
2527
2524
2512
2504
2512
2504
2503
2499
2491
2479
2467
2464
2472
2468
2460
2467
2464
2468
2476
2483
2484
2488
2488
2492
2504
2511
2516
2520
2520
2512
2508
2519
2528
2524
2524
2528
2523
2519
2504
2496
2488
2484
2483
2487
2491
2484
2483
2480
2480
2472
2468
2463
2451
2452
2452
2452
2455
2452
2456
2472
2472
2483
2484
2491
2492
2495
2499
2507
2508
2507
2504
2503
2492
2500
2503
2499
2496
2495
2491
2483
2488
2492
2491
2487
2488
2487
2495
2496
2487
2491
2491
2488
2487
2491
2492
2495
2491
2491
2495
2495
2491
2487
2488
2480
2483
2495
2495
2496
2496
2491
2487
2495
2496
2492
2496
2500
2507
2512
2504
2507
2508
2512
2512
2504
2507
2503
2508
2499
2507
2504
2504
2503
2495
2496
2504
2499
2484
2491
2499
2499
2500
2500
2500
2499
2500
2507
2496
2495
2491
2495
2488
2491
2503
2495
2491
2484
2487
2499
2503
2503
2487
2480
2491
2492
2496
2492
2487
2483
2480
2480
2483
2480
2480
2487
2487
2487
2480
2484
2504
2500
2491
2491
2496
2496
2492
2487
2488
2487
2491
2496
2499
2495
2492
2495
2496
2496
2496
2500
2500
2496
2500
2503
2499
2496
2492
2491
2496
2491
2480
2479
2476
2475
2475
2475
2479
2468
2459
2467
2471
2479
2480
2480
2483
2483
2487
2484
2487
2488
2484
2488
2495
2503
2503
2511
2511
2515
2524
2508
2503
2512
2523
2519
2511
2508
2508
2503
2492
2487
2479
2484
2480
2480
2480
2479
2475
2483
2480
2487
2491
2495
2492
2500
2500
2503
2512
2515
2507
2508
2504
2504
2508
2507
2508
2511
2504
2500
2500
2500
2496
2496
2495
2495
2495
2495
2496
2499
2499
2496
2499
2503
2491
2491
2479
2479
2479
2480
2483
2480
2487
2484
2479
2484
2488
2487
2476
2479
2484
2484
2484
2483
2484
2488
2496
2496
2491
2491
2491
2500
2499
2492
2492
2496
2488
2496
2496
2488
2479
2480
2492
2488
2483
2483
2479
2487
2483
2483
2487
2491
2495
2491
2491
2495
2487
2488
2491
2499
2511
2507
2504
2503
2511
2515
2511
2515
2508
2503
2499
2500
2500
2496
2495
2491
2492
2492
2483
2484
2488
2487
2491
2484
2480
2480
2479
2475
2479
2479
2484
2484
2488
2488
2491
2499
2492
2488
2492
2499
2492
2492
2492
2495
2500
2503
2500
2503
2504
2503
2499
2500
2504
2500
2496
2503
2503
2500
2495
2496
2496
2499
2496
2488
2488
2483
2487
2488
2487
2483
2487
2484
2479
2480
2483
2484
2483
2480
2483
2483
2487
2487
2487
2495
2491
2492
2492
2492
2492
2491
2488
2496
2508
2503
2499
2511
2508
2508
2512
2512
2508
2511
2504
2499
2503
2499
2496
2492
2492
2492
2487
2479
2480
2487
2483
2483
2484
2488
2488
2487
2496
2500
2504
2500
2496
2503
2496
2504
2508
2500
2496
2496
2495
2492
2491
2488
2491
2488
2488
2479
2480
2491
2492
2491
2492
2496
2492
2487
2487
2483
2487
2491
2484
2484
2492
2496
2495
2499
2503
2496
2495
2496
2492
2491
2487
2491
2484
2483
2488
2488
2487
2488
2491
2491
2495
2491
2495
2495
2496
2500
2499
2495
2492
2487
2491
2495
2491
2487
2487
2484
2492
2488
2488
2484
2483
2483
2480
2480
2483
2488
2492
2491
2491
2495
2488
2488
2499
2503
2500
2504
2503
2499
2499
2491
2488
2500
2507
2503
2499
2499
2499
2496
2500
2492
2484
2484
2487
2487
2487
2484
2480
2491
2491
2488
2491
2500
2500
2496
2492
2496
2511
2511
2512
2507
2508
2503
2503
2504
2503
2504
2503
2504
2500
2499
2499
2495
2503
2496
2495
2492
2496
2491
2499
2495
2487
2484
2484
2483
2476
2476
2475
2476
2476
2480
2476
2483
2491
2488
2483
2483
2484
2483
2480
2488
2499
2495
2491
2491
2499
2503
2499
2496
2503
2495
2496
2488
2491
2495
2487
2483
2483
2483
2484
2487
2491
2484
2480
2484
2492
2496
2496
2500
2495
2496
2499
2499
2496
2499
2504
2495
2496
2496
2495
2492
2491
2492
2495
2492
2495
2492
2491
2488
2499
2499
2492
2488
2495
2496
2496
2491
2488
2496
2496
2495
2500
2496
2495
2491
2488
2488
2491
2496
2492
2488
2491
2487
2491
2488
2484
2495
2495
2488
2496
2496
2492
2496
2500
2500
2499
2503
2503
2499
2504
2503
2495
2495
2495
2495
2495
2492
2496
2495
2491
2495
2492
2492
2495
2491
2488
2484
2488
2491
2491
2487
2487
2492
2492
2496
2492
2488
2499
2492
2492
2491
2492
2491
2491
2496
2503
2499
2496
2499
2495
2488
2495
2495
2491
2491
2488
2488
2492
2495
2499
2496
2495
2495
2488
2492
2499
2500
2499
2499
2492
2491
2495
2499
2499
2491
2488
2491
2487
2488
2484
2483
2483
2488
2487
2476
2484
2483
2488
2491
2488
2484
2487
2487
2483
2479
2487
2491
2488
2491
2491
2487
2495
2496
2496
2496
2496
2499
2504
2507
2504
2500
2500
2496
2504
2500
2500
2499
2503
2499
2492
2496
2492
2484
2480
2487
2491
2491
2492
2491
2492
2491
2488
2483
2488
2492
2496
2496
2495
2500
2499
2496
2500
2500
2499
2500
2499
2500
2500
2503
2504
2500
2496
2496
2495
2496
2495
2487
2479
2480
2480
2480
2480
2479
2476
2476
2476
2484
2484
2484
2491
2492
2495
2487
2491
2496
2496
2496
2496
2499
2495
2495
2492
2491
2492
2492
2495
2499
2503
2499
2503
2504
2503
2496
2499
2496
2496
2495
2499
2495
2491
2492
2492
2496
2488
2487
2492
2492
2499
2500
2496
2487
2491
2500
2503
2500
2496
2496
2492
2491
2492
2488
2487
2484
2483
2487
2484
2479
2475
2479
2479
2479
2476
2475
2476
2476
2480
2479
2483
2484
2488
2492
2491
2495
2496
2499
2500
2500
2499
2500
2500
2500
2503
2504
2504
2503
2496
2499
2499
2503
2503
2496
2492
2491
2496
2496
2492
2492
2499
2492
2496
2496
2496
2491
2495
2496
2500
2499
2495
2496
2500
2496
2492
2492
2491
2492
2488
2487
2495
2495
2484
2487
2487
2487
2488
2495
2495
2491
2492
2495
2496
2492
2495
2488
2484
2491
2492
2487
2484
2483
2488
2491
2488
2495
2495
2491
2495
2499
2496
2492
2499
2504
2508
2504
2499
2503
2504
2500
2500
2496
2495
2488
2487
2487
2491
2488
2480
2479
2484
2488
2487
2484
2488
2488
2484
2483
2483
2484
2487
2487
2488
2488
2484
2488
2488
2496
2499
2495
2496
2500
2504
2500
2507
2507
2503
2495
2496
2496
2496
2492
2487
2484
2483
2484
2487
2483
2484
2487
2488
2491
2492
2496
2499
2503
2499
2492
2496
2496
2499
2496
2495
2488
2484
2484
2488
2487
2487
2480
2483
2484
2484
2492
2495
2488
2491
2491
2492
2495
2492
2491
2487
2488
2495
2495
2491
2488
2492
2495
2496
2492
2496
2499
2496
2500
2496
2495
2496
2503
2504
2500
2503
2503
2499
2496
2496
2496
2496
2499
2503
2500
2496
2492
2488
2488
2492
2491
2488
2491
2491
2488
2487
2491
2491
2491
2491
2495
2495
2488
2491
2492
2495
2496
2495
2492
2495
2495
2495
2495
2491
2492
2496
2492
2488
2487
2492
2491
2488
2483
2484
2484
2487
2484
2480
2487
2491
2488
2488
2491
2488
2488
2487
2491
2492
2491
2492
2495
2499
2499
2499
2500
2504
2504
2503
2500
2503
2503
2496
2492
2488
2488
2491
2488
2487
2487
2487
2484
2484
2491
2488
2488
2492
2492
2491
2496
2499
2496
2495
2496
2495
2492
2495
2499
2492
2488
2488
2488
2488
2488
2488
2496
2495
2492
2491
2495
2495
2496
2495
2496
2491
2487
2488
2495
2492
2484
2483
2491
2495
2492
2488
2491
2491
2495
2495
2495
2492
2496
2495
2499
2500
2500
2500
2500
2496
2500
2500
2496
2503
2499
2495
2491
2488
2491
2492
2495
2491
2484
2488
2492
2495
2492
2492
2492
2495
2492
2496
2492
2491
2488
2492
2491
2488
2487
2492
2492
2492
2491
2488
2488
2488
2491
2488
2496
2500
2496
2492
2492
2499
2499
2500
2500
2500
2500
2500
2504
2499
2499
2495
2495
2495
2492
2487
2484
2487
2484
2484
2484
2484
2488
2491
2487
2484
2480
2483
2487
2483
2487
2484
2484
2487
2487
2488
2491
2495
2492
2484
2491
2488
2492
2495
2495
2496
2495
2496
2496
2491
2492
2499
2499
2495
2496
2495
2496
2496
2496
2492
2495
2491
2488
2492
2492
2492
2491
2492
2488
2488
2492
2492
2491
2483
2491
2500
2495
2492
2495
2496
2492
2488
2491
2495
2496
2492
2488
2491
2496
2495
2491
2488
2492
2492
2495
2495
2492
2495
2500
2500
2503
2496
2496
2496
2492
2495
2491
2496
2495
2492
2492
2491
2488
2491
2495
2492
2495
2495
2495
2492
2488
2491
2492
2492
2488
2488
2488
2495
2495
2492
2492
2495
2491
2492
2492
2492
2491
2491
2495
2495
2492
2496
2495
2492
2492
2492
2491
2491
2491
2496
2492
2492
2488
2492
2495
2492
2488
2491
2487
2488
2488
2488
2491
2491
2496
2492
2491
2492
2492
2491
2488
2492
2491
2488
2484
2487
2491
2491
2491
2487
2484
2483
2487
2491
2492
2492
2492
2495
2496
2492
2488
2491
2495
2492
2491
2491
2491
2488
2488
2488
2488
2487
2488
2495
2492
2496
2495
2499
2496
2496
2496
2499
2504
2503
2507
2500
2496
2499
2500
2500
2499
2491
2492
2495
2491
2488
2487
2491
2491
2491
2491
2491
2488
2483
2487
2487
2491
2491
2487
2484
2491
2495
2496
2492
2488
2495
2496
2499
2496
2495
2495
2496
2500
2496
2491
2495
2496
2499
2491
2492
2492
2492
2491
2491
2492
2496
2496
2500
2496
2491
2495
2504
2500
2491
2491
2496
2496
2499
2496
2495
2492
2496
2499
2492
2491
2488
2491
2491
2492
2496
2495
2495
2495
2495
2492
2492
2492
2495
2495
2492
2491
2491
2495
2496
2491
2491
2491
2488
2488
2487
2487
2488
2488
2487
2488
2491
2491
2495
2491
2488
2495
2496
2495
2495
2491
2492
2495
2496
2495
2496
2496
2495
2495
2495
2495
2495
2491
2491
2491
2491
2488
2492
2492
2491
2488
2487
2488
2491
2491
2487
2491
2487
2487
2491
2488
2492
2495
2496
2488
2488
2491
2499
2496
2499
2500
2500
2496
2499
2500
2499
2500
2496
2499
2503
2503
2500
2499
2500
2499
2492
2491
2488
2492
2495
2491
2492
2491
2491
2488
2491
2491
2492
2491
2484
2484
2488
2491
2487
2488
2492
2491
2491
2491
2492
2495
2495
2495
2495
2495
2492
2495
2496
2492
2496
2495
2492
2491
2495
2496
2495
2491
2488
2495
2503
2495
2492
2492
2488
2491
2496
2495
2495
2491
2495
2496
2492
2491
2492
2491
2492
2492
2491
2492
2491
2488
2492
2491
2495
2495
2492
2491
2492
2492
2491
2487
2484
2491
2491
2492
2492
2492
2499
2499
2496
2492
2492
2491
2492
2491
2488
2488
2491
2492
2487
2484
2491
2491
2495
2492
2496
2499
2496
2491
2492
2495
2496
2499
2495
2496
2492
2495
2495
2496
2499
2492
2487
2488
2491
2491
2488
2487
2488
2491
2484
2488
2488
2492
2488
2491
2488
2492
2496
2495
2492
2496
2495
2496
2496
2500
2499
2500
2500
2503
2499
2495
2492
2495
2491
2484
2487
2495
2495
2488
2491
2487
2484
2488
2488
2484
2487
2492
2496
2495
2492
2495
2499
2500
2499
2495
2496
2492
2492
2496
2492
2499
2500
2495
2496
2496
2499
2492
2492
2495
2492
2495
2495
2492
2492
2491
2495
2495
2496
2495
2492
2492
2492
2491
2492
2488
2488
2491
2491
2488
2487
2488
2491
2492
2487
2487
2487
2487
2487
2484
2487
2488
2487
2491
2488
2491
2488
2491
2492
2488
2491
2495
2492
2492
2492
2492
2495
2499
2500
2496
2499
2496
2495
2492
2492
2495
2499
2492
2492
2491
2492
2491
2495
2496
2491
2491
2488
2496
2495
2491
2492
2496
2499
2495
2499
2496
2492
2492
2492
2496
2499
2496
2495
2491
2488
2496
2499
2491
2487
2491
2491
2492
2491
2488
2488
2491
2488
2488
2488
2491
2492
2491
2484
2484
2491
2492
2495
2495
2495
2496
2492
2491
2491
2492
2499
2496
2491
2491
2495
2495
2496
2491
2488
2488
2491
2492
2495
2488
2492
2492
2488
2491
2492
2496
2495
2492
2492
2492
2492
2488
2488
2495
2496
2495
2491
2492
2492
2492
2492
2491
2496
2496
2495
2495
2495
2492
2491
2491
2496
2499
2496
2488
2488
2495
2491
2491
2492
2496
2495
2492
2492
2495
2492
2495
2496
2496
2495
2492
2495
2495
2495
2492
2492
2496
2488
2488
2491
2492
2495
2491
2491
2492
2499
2495
2492
2491
2488
2488
2492
2492
2495
2496
2495
2492
2492
2495
2499
2496
2495
2491
2491
2491
2491
2488
2492
2492
2492
2491
2488
2487
2488
2491
2495
2488
2484
2488
2484
2492
2492
2491
2491
2488
2491
2491
2492
2492
2491
2496
2495
2491
2487
2495
2499
2495
2488
2491
2495
2496
2496
2495
2492
2496
2499
2496
2495
2495
2500
2495
2492
2491
2492
2492
2492
2495
2495
2495
2495
2496
2496
2495
2492
2492
2492
2496
2492
2496
2496
2496
2496
2496
2495
2495
2495
2495
2491
2491
2491
2492
2492
2492
2487
2487
2491
2488
2484
2488
2492
2492
2492
2492
2492
2492
2495
2491
2488
2492
2496
2496
2492
2491
2492
2492
2488
2491
2495
2496
2492
2488
2492
2495
2496
2492
2491
2488
2491
2492
2492
2491
2492
2491
2492
2492
2495
2488
2491
2495
2492
2491
2496
2492
2491
2491
2495
2496
2495
2492
2492
2495
2495
2492
2492
2484
2488
2495
2499
2491
2487
2492
2499
2495
2495
2492
2491
2492
2496
2499
2495
2492
2492
2491
2491
2495
2492
2492
2488
2488
2488
2491
2491
2487
2491
2484
2491
2495
2492
2484
2487
2491
2492
2492
2492
2495
2495
2495
2496
2491
2495
2496
2492
2495
2495
2492
2495
2496
2500
2496
2496
2495
2495
2499
2495
2495
2495
2495
2495
2491
2488
2488
2488
2488
2487
2488
2488
2484
2484
2492
2491
2488
2491
2491
2495
2499
2496
2499
2495
2495
2495
2496
2495
2492
2495
2492
2495
2503
2499
2492
2492
2495
2495
2495
2491
2499
2499
2496
2495
2495
2495
2496
2499
2496
2495
2488
2484
2484
2484
2491
2492
2491
2484
2483
2488
2491
2488
2487
2487
2488
2495
2500
2499
2492
2488
2491
2495
2495
2496
2492
2492
2492
2492
2492
2495
2488
2484
2487
2495
2495
2491
2492
2492
2492
2495
2487
2484
2491
2495
2491
2484
2488
2491
2488
2495
2492
2492
2492
2495
2492
2491
2491
2492
2491
2491
2495
2492
2491
2492
2499
2499
2496
2496
2495
2492
2492
2492
2495
2495
2495
2492
2491
2495
2495
2499
2496
2496
2491
2492
2495
2495
2495
2491
2488
2488
2492
2495
2492
2499
2499
2496
2488
2487
2491
2496
2496
2492
2487
2491
2491
2492
2495
2495
2492
2491
2495
2492
2491
2492
2492
2492
2492
2495
2491
2492
2496
2491
2488
2491
2491
2495
2492
2492
2491
2496
2495
2491
2491
2491
2495
2492
2495
2492
2492
2491
2491
2488
2488
2487
2487
2491
2492
2492
2491
2488
2487
2492
2492
2492
2492
2492
2491
2492
2495
2495
2492
2491
2495
2496
2491
2488
2491
2492
2495
2491
2491
2492
2495
2491
2491
2492
2492
2488
2491
2496
2492
2491
2491
2496
2499
2495
2491
2496
2496
2491
2495
2495
2495
2492
2500
2500
2495
2495
2495
2492
2492
2491
2491
2492
2492
2492
2495
2496
2491
2487
2492
2492
2492
2491
2491
2492
2491
2491
2491
2491
2492
2495
2491
2487
2487
2487
2491
2495
2495
2491
2491
2492
2492
2492
2492
2491
2492
2492
2488
2488
2492
2496
2495
2492
2492
2495
2496
2499
2496
2496
2491
2487
2488
2491
2488
2488
2484
2488
2495
2491
2491
2491
2491
2491
2492
2492
2495
2492
2491
2496
2496
2491
2491
2499
2499
2495
2491
2491
2495
2491
2491
2491
2492
2495
2488
2488
2491
2492
2495
2492
2492
2491
2491
2495
2495
2495
2496
2496
2495
2496
2492
2492
2491
2495
2496
2499
2496
2496
2495
2492
2495
2492
2495
2496
2495
2491
2491
2488
2492
2495
2495
2491
2484
2491
2496
2495
2492
2495
2492
2495
2492
2491
2491
2495
2495
2492
2495
2491
2495
2492
2491
2491
2491
2492
2496
2495
2491
2488
2491
2492
2491
2491
2492
2495
2496
2496
2492
2492
2495
2491
2492
2496
2492
2491
2491
2491
2491
2491
2495
2488
2487
2492
2492
2492
2495
2496
2496
2495
2499
2496
2495
2495
2495
2496
2499
2495
2496
2492
2495
2491
2488
2491
2492
2491
2491
2491
2491
2488
2488
2491
2495
2495
2495
2491
2491
2492
2495
2492
2492
2491
2492
2491
2491
2487
2491
2495
2495
2491
2484
2492
2499
2495
2492
2488
2496
2495
2496
2492
2492
2495
2500
2496
2495
2496
2499
2496
2496
2492
2496
2496
2491
2488
2492
2492
2492
2491
2495
2491
2487
2495
2495
2487
2487
2492
2495
2495
2492
2492
2492
2491
2492
2491
2491
2492
2492
2488
2487
2491
2496
2499
2496
2495
2492
2488
2499
2500
2492
2492
2496
2496
2495
2496
2495
2492
2491
2495
2496
2496
2492
2488
2484
2488
2491
2488
2488
2488
2491
2492
2491
2491
2492
2496
2492
2484
2487
2488
2488
2488
2491
2491
2488
2492
2496
2500
2495
2495
2492
2496
2492
2491
2492
2495
2492
2491
2495
2495
2491
2492
2495
2495
2495
2491
2492
2495
2491
2492
2495
2492
2492
2496
2496
2495
2492
2495
2495
2491
2499
2499
2495
2491
2495
2495
2492
2492
2491
2491
2495
2492
2491
2491
2492
2488
2488
2492
2491
2487
2488
2488
2491
2491
2488
2491
2495
2495
2496
2499
2495
2492
2492
2495
2496
2492
2492
2491
2488
2495
2492
2492
2491
2495
2492
2492
2491
2491
2492
2495
2496
2496
2492
2492
2491
2491
2491
2491
2491
2495
2491
2487
2488
2491
2492
2496
2495
2492
2492
2488
2491
2488
2492
2492
2492
2491
2496
2496
2492
2491
2492
2488
2488
2491
2495
2491
2488
2492
2496
2499
2495
2492
2495
2495
2488
2491
2491
2492
2491
2496
2492
2496
2496
2492
2495
2495
2491
2492
2496
2495
2491
2492
2496
2496
2492
2492
2492
2496
2492
2495
2492
2492
2492
2495
2499
2495
2488
2488
2499
2500
2496
2492
2492
2492
2492
2492
2488
2495
2496
2495
2491
2495
2492
2491
2492
2492
2491
2492
2492
2491
2492
2492
2495
2495
2492
2492
2496
2500
2496
2492
2491
2488
2491
2492
2495
2495
2492
2495
2495
2492
2492
2488
2492
2496
2495
2495
2496
2499
2495
2488
2492
2495
2491
2488
2488
2491
2491
2491
2487
2487
2487
2492
2495
2496
2496
2495
2492
2492
2491
2492
2492
2500
2492
2492
2492
2492
2491
2491
2492
2492
2491
2492
2491
2491
2495
2495
2496
2496
2495
2495
2492
2492
2492
2491
2495
2495
2495
2492
2495
2496
2496
2492
2492
2495
2487
2491
2495
2492
2491
2492
2495
2492
2491
2492
2496
2492
2492
2488
2491
2491
2495
2495
2495
2495
2496
2491
2496
2499
2495
2492
2488
2492
2496
2495
2492
2492
2495
2496
2495
2492
2491
2496
2496
2488
2488
2492
2491
2488
2492
2491
2496
2496
2495
2495
2492
2491
2492
2492
2492
2495
2491
2488
2491
2492
2495
2492
2488
2491
2495
2495
2491
2488
2488
2487
2491
2492
2491
2495
2496
2492
2492
2500
2503
2495
2492
2499
2499
2495
2492
2495
2496
2495
2492
2488
2488
2491
2488
2491
2487
2487
2491
2488
2492
2492
2492
2492
2488
2487
2491
2491
2491
2495
2492
2492
2495
2492
2491
2495
2492
2491
2492
2499
2495
2492
2495
2496
2492
2496
2496
2495
2492
2496
2496
2495
2488
2491
2488
2488
2491
2492
2495
2495
2487
2488
2488
2492
2492
2492
2491
2487
2491
2496
2496
2496
2495
2492
2499
2499
2495
2495
2495
2495
2496
2491
2491
2495
2495
2495
2491
2496
2499
2499
2496
2496
2492
2492
2492
2492
2495
2495
2488
2487
2495
2499
2495
2492
2495
2496
2492
2492
2492
2484
2484
2487
2492
2496
2496
2491
2491
2492
2491
2488
2492
2488
2487
2491
2492
2492
2495
2496
2499
2495
2495
2492
2491
2495
2495
2495
2495
2488
2495
2495
2492
2492
2499
2496
2491
2491
2495
2492
2491
2488
2495
2499
2491
2487
2492
2492
2492
2492
2488
2488
2496
2495
2491
2492
2495
2492
2495
2492
2491
2487
2488
2492
2491
2488
2491
2487
2491
2491
2492
2495
2495
2495
2491
2491
2488
2492
2495
2495
2491
2488
2499
2499
2495
2491
2495
2499
2495
2496
2492
2491
2488
2488
2487
2491
2492
2492
2492
2495
2491
2492
2492
2492
2492
2496
2495
2495
2495
2496
2499
2496
2500
2499
2495
2495
2492
2487
2491
2496
2495
2491
2492
2495
2492
2488
2491
2492
2496
2495
2492
2492
2492
2491
2492
2492
2495
2491
2492
2492
2495
2495
2492
2491
2491
2492
2495
2492
2491
2487
2491
2492
2491
2488
2491
2488
2492
2492
2495
2495
2491
2491
2496
2499
2499
2492
2495
2496
2500
2499
2495
2492
2492
2492
2499
2491
2491
2492
2496
2495
2492
2495
2496
2495
2495
2492
2491
2491
2496
2496
2499
2500
2499
2499
2496
2495
2492
2492
2496
2496
2495
2495
2495
2495
2496
2492
2487
2491
2495
2492
2491
2491
2492
2495
2495
2491
2488
2495
2496
2488
2487
2488
2496
2491
2491
2488
2488
2491
2492
2492
2495
2488
2491
2491
2491
2488
2488
2492
2492
2484
2491
2491
2492
2495
2495
2491
2491
2492
2492
2492
2495
2495
2491
2488
2487
2491
2495
2492
2491
2488
2492
2492
2488
2491
2491
2491
2491
2495
2495
2492
2491
2492
2492
2500
2503
2496
2491
2495
2499
2496
2500
2499
2499
2499
2495
2496
2496
2491
2491
2495
2499
2496
2491
2488
2488
2491
2496
2491
2488
2484
2488
2492
2491
2487
2491
2491
2492
2492
2488
2488
2491
2495
2492
2492
2492
2495
2496
2495
2492
2496
2496
2496
2488
2492
2496
2496
2491
2487
2492
2496
2496
2492
2496
2499
2500
2492
2491
2492
2495
2495
2492
2491
2491
2492
2492
2491
2488
2487
2487
2488
2491
2488
2491
2491
2492
2495
2495
2495
2495
2495
2492
2491
2488
2491
2492
2492
2491
2487
2487
2491
2495
2492
2491
2488
2487
2487
2491
2492
2492
2495
2495
2495
2495
2500
2499
2492
2495
2496
2495
2496
2495
2492
2492
2491
2492
2496
2495
2495
2492
2495
2495
2491
2496
2496
2495
2492
2495
2492
2492
2492
2492
2491
2495
2499
2491
2487
2487
2491
2492
2492
2488
2491
2495
2495
2492
2492
2491
2491
2488
2495
2492
2495
2492
2492
2492
2492
2496
2495
2495
2492
2496
2495
2492
2492
2495
2492
2488
2491
2491
2495
2496
2491
2492
2495
2492
2492
2499
2495
2491
2491
2491
2492
2491
2492
2492
2496
2492
2492
2491
2492
2495
2496
2492
2492
2491
2491
2488
2491
2491
2487
2488
2491
2492
2492
2492
2492
2495
2496
2495
2491
2491
2492
2495
2499
2499
2495
2492
2496
2492
2492
2491
2492
2495
2496
2492
2495
2495
2496
2495
2495
2499
2495
2492
2491
2488
2492
2496
2499
2491
2488
2492
2496
2495
2492
2491
2495
2491
2492
2495
2496
2495
2491
2492
2492
2491
2491
2488
2491
2495
2495
2487
2495
2496
2496
2491
2488
2488
2492
2492
2492
2496
2495
2491
2492
2491
2495
2496
2496
2495
2495
2492
2491
2491
2495
2496
2492
2491
2491
2495
2492
2492
2495
2491
2488
2492
2492
2491
2488
2492
2495
2495
2492
2492
2495
2495
2492
2487
2488
2492
2491
2487
2488
2495
2495
2491
2491
2491
2492
2491
2491
2488
2488
2492
2496
2495
2492
2495
2492
2492
2496
2496
2492
2491
2491
2496
2496
2495
2495
2492
2495
2495
2495
2492
2488
2491
2491
2492
2496
2495
2491
2488
2496
2496
2492
2492
2492
2491
2488
2492
2495
2492
2491
2492
2495
2495
2492
2492
2488
2491
2491
2495
2495
2492
2488
2492
2491
2488
2491
2492
2496
2491
2488
2491
2496
2495
2491
2492
2495
2492
2492
2491
2491
2488
2495
2492
2491
2491
2495
2496
2492
2492
2492
2491
2492
2488
2488
2488
2491
2492
2492
2491
2491
2491
2496
2496
2499
2499
2492
2492
2495
2495
2496
2496
2495
2492
2496
2495
2492
2491
2495
2488
2491
2492
2492
2495
2496
2492
2495
2496
2492
2491
2491
2491
2491
2491
2491
2488
2492
2496
2496
2495
2491
2491
2492
2487
2488
2496
2495
2491
2492
2492
2488
2491
2491
2492
2492
2495
2496
2495
2492
2492
2492
2492
2492
2495
2492
2491
2491
2492
2492
2495
2491
2488
2491
2495
2496
2488
2487
2491
2496
2496
2492
2488
2488
2495
2496
2496
2492
2492
2495
2496
2491
2495
2496
2492
2492
2496
2491
2491
2491
2499
2495
2491
2491
2495
2495
2500
2496
2495
2492
2492
2492
2495
2495
2495
2488
2491
2488
2492
2495
2492
2495
2495
2492
2492
2496
2496
2496
2495
2495
2495
2495
2492
2491
2492
2492
2495
2491
2492
2491
2496
2495
2495
2487
2488
2499
2500
2496
2492
2492
2492
2491
2492
2491
2492
2491
2492
2496
2496
2491
2484
2491
2495
2495
2495
2491
2492
2492
2491
2495
2499
2499
2495
2495
2492
2495
2495
2491
2495
2499
2496
2496
2492
2492
2496
2495
2492
2495
2495
2496
2496
2492
2491
2492
2496
2491
2491
2491
2491
2492
2492
2495
2492
2487
2492
2499
2492
2487
2492
2495
2495
2492
2495
2495
2491
2487
2492
2492
2496
2495
2495
2492
2492
2492
2495
2492
2495
2492
2495
2492
2488
2488
2492
2496
2495
2495
2491
2491
2488
2484
2488
2496
2495
2491
2491
2499
2496
2492
2495
2500
2500
2492
2495
2496
2491
2488
2492
2491
2491
2488
2496
2496
2496
2495
2495
2488
2488
2495
2496
2492
2496
2495
2492
2491
2492
2495
2492
2495
2492
2491
2491
2496
2499
2500
2492
2492
2492
2495
2491
2492
2492
2491
2492
2491
2488
2488
2491
2495
2488
2491
2492
2492
2495
2491
2492
2495
2495
2496
2496
2492
2492
2488
2492
2495
2496
2488
2488
2488
2496
2499
2499
2492
2492
2492
2491
2492
2495
2495
2491
2491
2491
2491
2492
2495
2495
2495
2488
2492
2495
2492
2495
2495
2495
2495
2492
2491
2488
2491
2491
2496
2492
2488
2491
2492
2495
2496
2495
2495
2492
2491
2491
2492
2495
2492
2491
2491
2488
2491
2495
2492
2492
2495
2495
2495
2496
2495
2496
2492
2496
2492
2495
2492
2492
2491
2492
2492
2491
2491
2491
2488
2491
2492
2495
2496
2492
2491
2496
2495
2488
2492
2492
2488
2491
2495
2495
2492
2495
2492
2496
2499
2495
2495
2495
2492
2491
2492
2488
2488
2492
2495
2496
2491
2492
2487
2492
2488
2491
2492
2491
2491
2492
2495
2495
2495
2491
2495
2496
2495
2495
2495
2495
2496
2495
2492
2495
2499
2496
2492
2495
2491
2491
2495
2495
2499
2503
2500
2492
2491
2495
2492
2491
2488
2488
2495
2495
2495
2492
2492
2492
2495
2496
2495
2491
2492
2495
2492
2491
2491
2492
2492
2488
2491
2488
2492
2495
2488
2491
2495
2492
2492
2488
2491
2491
2488
2492
2491
2492
2491
2488
2492
2491
2491
2491
2488
2488
2491
2492
2492
2496
2495
2491
2491
2491
2491
2491
2488
2495
2495
2492
2492
2491
2488
2495
2496
2499
2492
2492
2495
2496
2495
2492
2491
2495
2495
2496
2492
2495
2488
2491
2492
2495
2492
2491
2496
2495
2492
2495
2496
2496
2492
2496
2500
2496
2499
2495
2495
2495
2500
2499
2496
2492
2492
2491
2492
2492
2491
2491
2492
2492
2491
2495
2492
2492
2495
2492
2492
2492
2495
2492
2488
2492
2496
2495
2492
2495
2495
2491
2492
2492
2492
2492
2488
2491
2492
2492
2495
2492
2492
2496
2499
2496
2499
2491
2491
2492
2492
2487
2488
2491
2492
2488
2487
2488
2491
2492
2491
2487
2488
2495
2491
2495
2499
2499
2495
2495
2492
2491
2496
2496
2491
2488
2491
2500
2499
2492
2491
2491
2492
2492
2484
2488
2492
2491
2491
2495
2488
2491
2491
2492
2492
2495
2492
2491
2491
2492
2491
2495
2492
2492
2495
2492
2492
2488
2495
2492
2491
2492
2499
2500
2499
2492
2491
2492
2496
2495
2495
2492
2492
2499
2495
2495
2492
2495
2492
2492
2496
2496
2491
2492
2495
2496
2496
2496
2495
2488
2491
2495
2495
2495
2495
2496
2495
2491
2492
2496
2495
2491
2488
2491
2492
2492
2488
2488
2492
2495
2492
2491
2492
2496
2495
2495
2491
2488
2496
2500
2492
2495
2496
2499
2496
2492
2492
2492
2492
2491
2495
2495
2495
2495
2488
2492
2495
2491
2491
2488
2491
2491
2491
2492
2492
2488
2491
2491
2496
2496
2495
2492
2496
2495
2495
2496
2495
2492
2492
2492
2492
2495
2492
2491
2495
2495
2492
2492
2488
2491
2499
2496
2496
2496
2492
2488
2496
2496
2492
2488
2491
2495
2495
2491
2492
2491
2499
2495
2491
2496
2499
2496
2492
2495
2495
2496
2496
2492
2491
2491
2495
2495
2495
2492
2492
2492
2491
2499
2496
2492
2491
2491
2491
2488
2495
2499
2492
2488
2491
2492
2488
2491
2495
2495
2495
2491
2491
2492
2492
2496
2496
2496
2492
2488
2491
2495
2495
2491
2492
2496
2496
2496
2496
2495
2492
2491
2491
2492
2492
2492
2492
2495
2491
2491
2495
2495
2496
2491
2488
2492
2492
2492
2491
2491
2492
2492
2492
2491
2495
2492
2492
2496
2496
2495
2500
2499
2499
2495
2491
2495
2492
2488
2492
2488
2492
2496
2496
2495
2495
2492
2492
2492
2496
2495
2495
2492
2495
2492
2492
2495
2495
2488
2487
2488
2492
2496
2496
2491
2496
2495
2495
2492
2492
2495
2495
2491
2492
2496
2492
2495
2495
2499
2495
2491
2492
2492
2492
2492
2491
2495
2496
2495
2492
2495
2495
2491
2495
2492
2488
2492
2492
2496
2496
2495
2492
2491
2495
2496
2496
2492
2495
2491
2491
2491
2491
2488
2492
2491
2488
2492
2495
2496
2499
2492
2492
2492
2492
2491
2491
2488
2488
2491
2495
2495
2495
2492
2495
2492
2496
2491
2487
2491
2496
2499
2495
2496
2496
2496
2495
2495
2495
2492
2496
2495
2492
2499
2500
2496
2496
2495
2492
2492
2491
2492
2492
2492
2495
2492
2488
2491
2491
2491
2492
2496
2496
2492
2495
2496
2495
2495
2495
2499
2495
2496
2495
2495
2492
2491
2492
2491
2495
2496
2495
2492
2492
2488
2491
2488
2492
2495
2491
2491
2488
2491
2488
2491
2492
2492
2492
2492
2491
2496
2496
2495
2491
2492
2492
2495
2495
2492
2492
2491
2492
2492
2491
2487
2491
2495
2495
2492
2491
2491
2495
2499
2496
2495
2491
2488
2491
2492
2491
2495
2492
2491
2492
2492
2492
2492
2496
2492
2492
2491
2495
2496
2495
2495
2495
2491
2492
2495
2495
2488
2495
2492
2496
2492
2492
2492
2495
2492
2492
2488
2492
2492
2491
2488
2495
2496
2495
2492
2491
2491
2492
2492
2488
2488
2492
2492
2491
2492
2495
2491
2495
2496
2495
2488
2492
2496
2496
2495
2492
2491
2488
2495
2491
2491
2488
2488
2491
2487
2488
2488
2492
2492
2488
2487
2487
2491
2491
2488
2487
2491
2491
2492
2488
2495
2495
2492
2492
2495
2499
2499
2499
2495
2488
2488
2491
2495
2491
2492
2488
2492
2491
2492
2492
2491
2488
2491
2496
2495
2492
2495
2491
2492
2495
2491
2496
2488
2491
2495
2495
2492
2492
2492
2492
2495
2495
2491
2492
2495
2499
2488
2491
2496
2499
2492
2496
2499
2491
2488
2495
2495
2495
2499
2503
2499
2495
2495
2496
2503
2496
2492
2488
2492
2496
2495
2491
2491
2492
2495
2492
2492
2492
2491
2491
2491
2491
2488
2491
2491
2495
2492
2488
2488
2496
2492
2487
2488
2492
2491
2488
2488
2491
2491
2487
2488
2495
2495
2495
2491
2492
2491
2488
2491
2495
2496
2491
2491
2492
2491
2488
2488
2491
2491
2495
2495
2491
2492
2492
2492
2496
2495
2491
2492
2496
2499
2496
2496
2496
2495
2495
2495
2496
2492
2492
2492
2491
2496
2499
2496
2491
2491
2495
2495
2492
2492
2492
2492
2491
2488
2491
2491
2495
2496
2492
2488
2491
2495
2495
2488
2492
2496
2500
2499
2495
2492
2492
2495
2492
2491
2495
2492
2492
2492
2492
2492
2492
2484
2492
2499
2495
2484
2491
2495
2492
2491
2492
2492
2495
2491
2492
2491
2492
2492
2492
2491
2492
2491
2496
2495
2492
2491
2488
2488
2495
2492
2491
2488
2491
2496
2491
2488
2488
2488
2496
2492
2491
2492
2492
2491
2488
2487
2487
2491
2492
2491
2492
2495
2492
2491
2491
2492
2491
2488
2492
2495
2492
2488
2492
2499
2499
2495
2488
2492
2496
2492
2488
2488
2491
2492
2492
2495
2496
2495
2492
2488
2492
2492
2491
2496
2496
2495
2495
2495
2488
2491
2492
2496
2496
2499
2491
2495
2492
2492
2495
2492
2488
2492
2491
2488
2492
2491
2491
2491
2491
2491
2492
2492
2496
2492
2495
2492
2495
2492
2492
2496
2495
2491
2491
2495
2495
2492
2491
2495
2492
2492
2491
2491
2496
2496
2495
2495
2496
2495
2495
2492
2492
2492
2491
2488
2491
2491
2495
2492
2491
2491
2488
2496
2492
2492
2487
2491
2495
2499
2495
2492
2492
2495
2492
2491
2492
2496
2488
2492
2491
2496
2495
2492
2492
2492
2492
2495
2499
2495
2491
2491
2495
2496
2495
2495
2491
2492
2495
2492
2492
2491
2492
2496
2496
2495
2491
2488
2495
2496
2496
2495
2495
2495
2495
2488
2488
2492
2496
2492
2491
2495
2492
2491
2492
2495
2496
2491
2488
2491
2492
2491
2495
2491
2491
2495
2495
2492
2491
2496
2492
2491
2488
2495
2492
2488
2484
2487
2491
2492
2488
2491
2495
2496
2496
2491
2491
2495
2492
2492
2495
2492
2492
2492
2492
2492
2491
2487
2487
2492
2495
2491
2488
2488
2491
2491
2491
2492
2491
2495
2496
2495
2491
2488
2491
2496
2492
2495
2496
2495
2491
2492
2488
2491
2491
2492
2492
2491
2491
2495
2492
2492
2491
2495
2492
2491
2495
2496
2495
2495
2496
2491
2492
2492
2491
2495
2495
2500
2499
2495
2495
2492
2487
2488
2492
2495
2492
2492
2491
2495
2491
2492
2492
2499
2495
2488
2488
2495
2492
2492
2492
2491
2488
2495
2492
2492
2492
2492
2491
2495
2492
2492
2492
2492
2495
2496
2495
2495
2491
2488
2488
2495
2496
2495
2495
2495
2491
2488
2491
2495
2495
2491
2488
2491
2495
2496
2496
2495
2492
2495
2496
2500
2496
2492
2495
2488
2488
2492
2496
2492
2488
2492
2496
2495
2495
2491
2492
2491
2487
2488
2492
2496
2495
2495
2491
2491
2495
2488
2488
2492
2495
2492
2491
2492
2495
2495
2495
2492
2495
2496
2496
2491
2491
2492
2495
2496
2496
2495
2492
2495
2491
2491
2491
2491
2492
2492
2495
2492
2491
2488
2492
2492
2488
2488
2488
2492
2495
2492
2491
2488
2491
2492
2491
2487
2487
2488
2492
2495
2495
2492
2492
2496
2495
2488
2491
2495
2496
2496
2492
2492
2495
2491
2495
2492
2491
2492
2495
2495
2492
2491
2492
2492
2496
2491
2492
2495
2492
2492
2495
2496
2495
2492
2496
2495
2491
2492
2496
2495
2495
2492
2491
2495
2491
2492
2495
2495
2495
2496
2500
2499
2491
2491
2495
2495
2495
2495
2495
2492
2495
2495
2495
2499
2495
2496
2496
2499
2492
2492
2491
2491
2491
2492
2491
2487
2487
2492
2492
2487
2487
2491
2491
2492
2492
2492
2492
2492
2495
2492
2491
2496
2499
2492
2488
2488
2491
2495
2492
2495
2484
2484
2492
2499
2496
2492
2492
2491
2491
2496
2496
2492
2492
2492
2491
2492
2491
2491
2491
2492
2492
2495
2491
2491
2492
2495
2496
2492
2492
2492
2495
2492
2491
2495
2495
2499
2496
2491
2488
2495
2492
2492
2491
2492
2492
2492
2499
2491
2492
2495
2491
2491
2492
2495
2492
2492
2495
2500
2495
2496
2496
2495
2496
2495
2496
2495
2488
2496
2496
2496
2491
2491
2492
2499
2496
2491
2488
2488
2495
2492
2492
2492
2495
2495
2496
2495
2491
2492
2495
2495
2491
2487
2492
2495
2496
2491
2491
2491
2492
2495
2492
2492
2491
2488
2496
2495
2495
2488
2491
2492
2495
2492
2488
2492
2491
2492
2492
2492
2491
2492
2491
2488
2491
2495
2492
2491
2488
2492
2495
2492
2492
2499
2492
2488
2492
2492
2488
2492
2496
2492
2495
2488
2487
2492
2491
2491
2491
2495
2492
2495
2488
2492
2491
2492
2492
2491
2492
2492
2484
2491
2495
2496
2488
2488
2491
2492
2492
2492
2495
2495
2495
2492
2492
2492
2491
2496
2495
2495
2492
2496
2500
2495
2491
2492
2495
2495
2492
2496
2496
2499
2491
2492
2492
2495
2499
2499
2495
2492
2492
2495
2495
2495
2492
2496
2496
2495
2491
2492
2491
2492
2492
2491
2488
2491
2492
2491
2492
2488
2488
2492
2496
2492
2487
2491
2492
2492
2491
2491
2491
2495
2495
2496
2495
2496
2495
2491
2491
2492
2492
2492
2492
2492
2492
2492
2495
2492
2492
2491
2492
2492
2491
2495
2500
2496
2495
2495
2492
2492
2496
2492
2495
2495
2492
2491
2492
2492
2491
2492
2495
2495
2495
2491
2495
2495
2492
2491
2491
2496
2495
2492
2488
2495
2495
2488
2492
2499
2499
2495
2491
2491
2495
2491
2487
2492
2496
2491
2484
2487
2492
2495
2492
2491
2488
2487
2487
2488
2495
2495
2495
2491
2492
2487
2488
2488
2492
2495
2492
2492
2495
2495
2488
2491
2492
2495
2496
2492
2491
2492
2495
2495
2491
2491
2492
2499
2500
2499
2492
2491
2492
2495
2488
2492
2496
2495
2491
2495
2495
2496
2495
2495
2499
2496
2492
2491
2492
2496
2495
2495
2491
2491
2492
2499
2495
2491
2491
2496
2495
2492
2488
2492
2491
2491
2491
2491
2491
2492
2495
