2500
2508
2511
2512
2507
2508
2516
2515
2516
2512
2515
2515
2515
2520
2515
2511
2508
2516
2519
2519
2519
2519
2523
2516
2516
2516
2516
2512
2511
2508
2499
2495
2495
2495
2488
2479
2480
2480
2480
2471
2475
2475
2475
2468
2468
2468
2468
2468
2472
2468
2471
2472
2476
2472
2475
2476
2479
2480
2475
2479
2480
2483
2476
2476
2483
2488
2483
2483
2487
2488
2483
2480
2483
2479
2475
2471
2472
2472
2467
2467
2467
2472
2472
2476
2480
2487
2484
2483
2488
2488
2488
2492
2496
2495
2492
2496
2504
2504
2503
2503
2499
2507
2511
2504
2507
2504
2503
2503
2504
2504
2503
2508
2507
2503
2504
2503
2508
2499
2499
2500
2499
2491
2488
2496
2500
2499
2496
2495
2495
2495
2492
2483
2483
2480
2483
2479
2476
2475
2471
2471
2472
2471
2475
2476
2479
2483
2483
2483
2480
2479
2480
2483
2484
2480
2484
2495
2499
2496
2495
2500
2504
2508
2511
2508
2504
2503
2499
2499
2499
2499
2492
2496
2495
2496
2488
2488
2483
2479
2475
2480
2479
2471
2467
2467
2468
2464
2468
2475
2471
2468
2475
2471
2467
2468
2471
2475
2479
2476
2480
2484
2487
2488
2492
2495
2503
2507
2504
2507
2512
2512
2512
2515
2519
2520
2523
2523
2523
2523
2523
2523
2519
2519
2523
2519
2519
2515
2515
2512
2516
2515
2511
2508
2507
2507
2504
2503
2503
2496
2496
2496
2492
2488
2491
2492
2492
2487
2483
2484
2483
2484
2491
2492
2492
2484
2491
2487
2488
2483
2487
2487
2484
2483
2484
2488
2491
2492
2499
2491
2492
2496
2499
2499
2495
2496
2499
2500
2495
2495
2492
2492
2495
2488
2483
2480
2475
2475
2471
2467
2467
2468
2460
2456
2459
2464
2467
2468
2468
2467
2471
2468
2467
2464
2468
2471
2468
2468
2467
2471
2476
2483
2487
2484
2491
2488
2492
2499
2496
2503
2504
2504
2511
2512
2504
2500
2504
2507
2503
2499
2496
2491
2491
2488
2487
2479
2479
2483
2483
2483
2480
2480
2483
2487
2491
2483
2484
2487
2484
2484
2484
2487
2488
2483
2483
2487
2487
2487
2487
2487
2484
2484
2484
2487
2488
2492
2488
2492
2491
2484
2480
2484
2496
2503
2507
2516
2512
2515
2520
2512
2507
2507
2504
2499
2495
2491
2492
2487
2491
2488
2484
2491
2492
2492
2495
2500
2503
2503
2503
2499
2500
2507
2508
2508
2503
2492
2487
2484
2488
2488
2488
2491
2488
2492
2484
2480
2472
2463
2459
2455
2455
2452
2452
2459
2468
2476
2476
2479
2472
2472
2463
2468
2483
2495
2507
2519
2524
2524
2524
2528
2524
2523
2523
2524
2520
2516
2512
2515
2512
2512
2511
2508
2508
2507
2507
2504
2495
2491
2492
2488
2491
2488
2484
2483
2479
2479
2472
2472
2471
2467
2459
2464
2464
2463
2456
2452
2455
2459
2451
2448
2448
2455
2451
2460
2463
2467
2468
2471
2475
2479
2479
2484
2499
2503
2503
2516
2528
2540
2544
2555
2564
2567
2560
2564
2563
2567
2563
2559
2559
2556
2552
2551
2540
2536
2528
2527
2527
2516
2511
2511
2516
2519
2520
2523
2519
2519
2515
2507
2500
2496
2488
2483
2460
2447
2432
2431
2428
2432
2427
2416
2411
2403
2392
2387
2387
2387
2380
2375
2364
2371
2376
2380
2396
2403
2408
2416
2427
2436
2439
2443
2452
2459
2456
2463
2468
2488
2495
2504
2511
2516
2527
2532
2536
2547
2551
2559
2560
2564
2564
2564
2564
2567
2567
2568
2564
2563
2559
2551
2544
2539
2527
2515
2496
2488
2483
2476
2471
2464
2467
2467
2464
2451
2435
2435
2436
2424
2435
2448
2460
2459
2455
2452
2451
2440
2439
2439
2440
2443
2444
2447
2448
2456
2460
2468
2480
2491
2500
2503
2511
2516
2524
2535
2544
2555
2564
2564
2575
2576
2584
2591
2603
2607
2608
2607
2612
2612
2608
2604
2604
2604
2592
2576
2559
2540
2523
2504
2488
2472
2463
2455
2448
2444
2447
2448
2447
2432
2415
2395
2391
2396
2407
2427
2428
2424
2419
2419
2427
2443
2467
2487
2504
2511
2500
2479
2452
2407
2372
2348
2339
2287
2208
2127
2079
2083
2119
2172
2223
2259
2308
2399
2488
2568
2627
2628
2632
2671
2735
2780
2772
2671
2559
2548
2555
2551
2612
2731
2839
2923
2988
2984
2943
2879
2815
2751
2708
2671
2656
2648
2644
2639
2615
2572
2520
2479
2459
2463
2479
2500
2504
2479
2440
2416
2408
2407
2395
2376
2372
2372
2371
2360
2360
2379
2392
2415
2420
2420
2431
2460
2483
2492
2491
2472
2439
2419
2392
2367
2340
2323
2312
2316
2340
2351
2340
2315
2307
2323
2380
2456
2532
2568
2551
2531
2535
2519
2467
2424
2396
2384
2379
2407
2463
2519
2520
2508
2487
2467
2456
2460
2476
2492
2499
2504
2516
2535
2532
2527
2527
2544
2560
2568
2568
2568
2555
2539
2535
2532
2544
2571
2600
2627
2651
2668
2684
2691
2695
2699
2703
2696
2672
2643
2611
2567
2512
2451
2396
2363
2348
2356
2376
2407
2444
2476
2504
2523
2528
2515
2487
2456
2427
2400
2375
2360
2359
2364
2372
2391
2408
2427
2439
2452
2467
2475
2472
2468
2464
2460
2455
2440
2432
2423
2420
2420
2428
2435
2435
2439
2452
2471
2480
2480
2480
2491
2511
2535
2556
2563
2519
2396
2272
2252
2323
2436
2519
2540
2523
2496
2475
2455
2427
2400
2392
2407
2451
2511
2591
2663
2703
2704
2672
2600
2528
2472
2456
2476
2515
2540
2548
2544
2540
2531
2523
2512
2504
2491
2479
2463
2435
2404
2376
2360
2344
2327
2312
2328
2335
2351
2391
2404
2395
2384
2400
2428
2472
2495
2487
2452
2420
2395
2399
2439
2440
2379
2284
2204
2188
2219
2323
2475
2855
3159
3231
3216
3107
2932
2811
2823
2884
2880
2792
2683
2588
2536
2492
2476
2484
2532
2575
2559
2436
2284
2212
2255
2359
2447
2532
2563
2556
2552
2584
2620
2664
2723
2764
2764
2744
2671
2540
2391
2275
2195
2123
2091
2132
2220
2304
2376
2444
2536
2603
2556
2483
2452
2432
2412
2384
2360
2348
2347
2344
2352
2416
2512
2603
2671
2692
2663
2615
2567
2515
2471
2480
2519
2551
2568
2575
2552
2459
2156
2140
2404
2664
2631
2288
2156
2107
2224
2276
2187
2076
2212
2120
2095
2220
2387
2419
2427
2439
2503
2651
2720
2736
2720
2704
2675
2647
2624
2604
2576
2567
2572
2595
2616
2612
2615
2652
2695
2723
2743
2747
2724
2683
2603
2511
2427
2331
2239
2192
2196
2232
2283
2328
2380
2435
2487
2508
2524
2536
2551
2564
2572
2584
2592
2603
2579
2536
2556
2607
2672
2671
2651
2640
2576
2415
2215
2132
2128
2164
2240
2352
2363
2304
2215
2175
2228
2228
2324
2459
2463
2523
2576
2752
2811
2516
2503
2624
2720
2756
2912
2935
2735
2651
2772
2903
2851
2736
2624
2556
2539
2540
2555
2584
2611
2612
2587
2543
2496
2451
2403
2364
2332
2312
2291
2276
2272
2263
2251
2240
2244
2260
2291
2311
2360
2416
2471
2515
2547
2567
2571
2564
2559
2568
2596
2623
2620
2587
2532
2459
2272
2080
1976
2008
2136
2248
2352
2483
2532
2515
2524
2611
2667
2743
2692
2475
2276
2132
2143
2348
2780
2956
2675
2347
2159
2388
2695
2887
2831
2715
2552
2459
2659
3008
3008
2695
2568
2775
2832
2708
2699
2760
2752
2720
2703
2732
2775
2739
2660
2544
2456
2439
2424
2319
2184
2115
2155
2260
2328
2459
2632
2564
2484
2500
2403
1967
1743
1947
2428
2511
2384
2291
2280
2371
2411
2347
2312
2300
2272
2264
2247
2279
2304
2256
2144
2128
2252
2483
2692
2672
2579
2560
2628
2695
2688
2656
2619
2583
2583
2588
2623
2687
2700
2604
2536
2564
2583
2632
2655
2580
2468
2419
2456
2463
2304
2176
2256
2531
2704
2755
2743
2604
2471
2416
2348
2240
2228
2419
2648
2775
2840
2867
2863
2863
2899
2880
2855
2843
2823
2724
2607
2599
2571
2463
2351
2432
2675
2716
2595
2399
2267
2219
2195
2159
2111
2048
2019
2083
2140
2191
2263
2372
2456
2495
2460
2367
2319
2360
2492
2632
2276
1648
1624
2184
2704
2799
2743
2772
2864
2908
2856
2767
2680
2607
2592
2619
2688
2736
2847
2887
2811
2643
2492
2440
2419
2399
2348
2399
2584
2772
2719
2411
2259
2255
2368
2551
2567
2516
2464
2364
2328
2319
2324
2328
2260
2187
2151
2199
2299
2384
2455
2500
2555
2631
2887
3080
3048
2967
2963
2955
2884
2712
2511
2407
2399
2423
2439
2444
2447
2460
2488
2555
2607
2572
2452
2367
2359
2415
2500
2583
2636
2663
2655
2636
2627
2619
2616
2611
2608
2627
2655
2691
2735
2740
2655
2515
2423
2411
2411
2360
2208
2088
2212
2455
2119
1667
1863
1896
1583
1523
1675
1735
1816
1836
1551
1556
2044
2328
2667
2792
2804
2607
2596
2844
2920
2888
2928
3107
3156
3004
2816
2800
2935
2891
2816
2871
2912
2900
2815
2764
2636
2480
2247
2403
2879
2943
2655
2380
2267
2211
2132
2092
2168
2268
2267
2160
1963
1851
1863
1936
1959
1916
1892
1939
1988
2031
2115
2175
2140
2024
1967
1940
2151
2360
2483
2523
2524
2495
2464
2515
2639
2732
2767
2775
2788
2816
2835
2839
2828
2815
2792
2771
2763
2783
2819
2828
2795
2735
2671
2408
2451
2803
3136
3063
2552
2687
2812
2856
3251
3340
3063
2820
2727
2660
2559
2516
2483
2379
2388
2412
2436
2464
2328
2303
2564
2715
2547
2376
2408
2508
2588
2536
2452
2443
2388
2432
2371
2283
2527
2703
2619
2396
2312
2424
2319
2320
2800
2984
2684
2491
2948
3107
2952
2763
2508
2356
2344
2408
2391
2291
2255
2308
2331
2243
2160
2207
2280
2415
2528
2596
2644
2644
2599
2524
2480
2467
2468
2471
2499
2595
2607
2468
2459
2780
2928
2868
2536
2147
1964
2071
2415
2508
2160
2139
2392
2532
2459
2555
2728
2783
2728
2648
2695
2836
2811
2588
2548
2639
2744
2780
2896
2651
2283
2008
1872
1860
1883
1931
2019
2139
2243
2303
2328
2388
2407
2355
2248
2152
2107
2100
2139
2195
2248
2323
2447
2596
2740
2860
2944
2972
2940
2915
2871
2860
2832
2687
2487
2408
2511
2580
2664
2684
2568
2416
2555
2771
2415
2160
2884
2755
2507
2567
2500
2495
2492
2440
2384
2472
2399
2208
2100
2232
2416
2460
2483
2496
2491
2500
2567
2599
2567
2600
2716
2656
2507
2408
2600
2684
2587
2704
2756
2579
2384
2324
2408
2356
2160
1967
1788
1672
1719
1823
1855
1908
1948
1975
2011
2047
2068
2199
2432
2531
2495
2480
2503
2444
2312
2380
2768
3044
2939
2784
2699
2603
2551
2459
2364
2291
2235
2244
2291
2315
2348
2436
2572
2715
2835
2963
3007
3003
3056
3031
2863
2755
2707
2675
2704
2660
2499
2348
2291
2300
2403
2539
2640
2667
2664
2692
2832
3088
3247
3195
3095
2992
2892
2755
2612
2579
2591
2572
2512
2424
2476
2576
2483
2451
2467
2563
2659
2691
2664
2648
2740
2752
2508
2236
2148
2343
2620
2780
2732
2660
2763
2807
2756
2663
2555
2412
2383
2307
2208
2112
2067
2027
1971
1987
2088
1987
1887
2143
2440
2376
2092
1956
2080
2172
2200
2135
2240
2280
2183
2103
2092
2159
2163
2104
2083
2040
2004
1999
2000
2003
1995
2075
2195
2283
2324
2343
2331
2363
2368
2327
2288
2188
2388
2531
2536
2623
2868
3019
3084
2995
2876
2876
2963
2999
2964
2767
2483
2484
2560
2232
2244
2879
3184
3092
2795
2679
2751
2735
2739
2719
2623
2556
2515
2460
2455
2471
2576
2640
2695
2664
2527
2540
2543
2616
2479
2279
2208
2175
2027
2180
2531
2795
2776
2512
2512
2692
2668
2543
2420
2392
2483
2640
2763
2812
2804
2780
2748
2723
2715
2708
2683
2652
2644
2671
2744
2840
2840
2788
2660
2568
2579
2552
2636
2759
2551
2355
2427
2935
3092
2831
2531
2463
2519
2623
2584
2492
2440
2424
2596
2552
2396
2411
2423
2399
2432
2523
2551
2508
2515
2512
2447
2339
2227
2176
2112
2055
1999
1943
1852
1900
2140
2411
2504
2467
2468
2608
2688
2687
2603
2603
2608
2644
2659
2899
3067
2764
2711
2735
2752
2723
2575
2663
2796
2791
2611
2483
2488
2671
2699
2495
2324
2408
2715
2823
2611
2247
2092
2136
2352
2231
1880
1744
1763
1832
2104
2067
1992
1980
1875
1795
1927
2024
1992
1859
1696
1459
1579
1731
1891
2032
2192
2363
2372
2599
2815
2832
2879
2876
2908
2924
2832
2784
2604
2475
2535
2623
2755
2844
2988
3123
3088
2668
2935
3499
3052
2787
2955
2911
2620
2708
2904
2775
2732
2752
2771
2543
2408
2639
2868
2904
2756
2736
2727
2855
3067
3087
2939
2792
2695
2632
2715
2672
2376
2307
2368
2319
2515
2552
2583
2603
2528
2636
2756
2832
2788
2679
2523
2492
2536
2460
2416
2451
2196
2055
2304
2527
2747
2683
2443
2460
2388
2083
1987
1899
1755
1616
1643
1671
1623
1596
1560
1488
1360
1280
1379
1615
1895
2040
1928
1660
1364
1219
1379
1559
1691
1823
1919
1899
1743
1679
1675
1891
2416
2915
3271
3408
3264
3091
3040
2980
2596
2603
2863
2888
2803
2872
3039
2960
2664
2524
2656
2787
2868
2939
3140
3347
3399
3560
3539
3407
3483
3487
3244
3023
2935
2843
2692
2727
2783
2735
2687
2676
2711
2640
2460
2356
2339
2256
2148
2148
2204
2392
2616
2723
2635
2435
2455
2519
2687
2767
2908
3199
3260
3183
3323
3316
3127
2892
2736
2635
2495
2428
2488
2620
2523
2240
2031
1832
1783
1620
1243
0895
0844
1052
1203
1128
1176
1308
1400
1435
1528
1704
1603
1379
1820
2840
2747
2439
2435
2724
3175
3103
2535
3004
3223
2564
2204
2399
2851
3416
3683
3412
3216
3371
3324
2935
2663
2332
2308
2748
3043
2895
2875
2920
2743
2251
1708
1476
1444
1656
1844
1988
2155
2500
3000
3616
3748
3619
3431
3319
3240
3095
2863
2691
2763
2800
2544
2247
2024
1915
2032
2131
2327
2792
2948
2795
2616
2840
2855
2696
2628
2624
2815
2955
2883
2911
2948
2915
2887
2895
2599
2279
2239
2187
2115
2111
2471
2792
2828
2627
2523
2768
2867
2756
2799
3031
3083
3103
3059
2691
2035
1695
1687
1827
1735
1571
1336
1236
1320
1471
1683
1948
2200
2271
2216
2140
2307
2392
2395
2711
3084
2984
2704
2620
2828
2891
2532
2396
2427
3032
3227
3272
3164
2915
2720
2555
2444
2423
2424
2552
2907
3131
2972
2624
2892
3228
3312
3088
2803
2787
2795
2820
2692
2528
2383
2344
2495
2684
2627
2327
2227
2415
2391
1991
1847
1804
1939
1936
1943
1956
1963
2108
2568
2992
2879
2519
2528
2731
2591
2304
2276
2492
2655
2620
2287
1932
1820
1940
1927
1944
2144
2379
2599
2667
2520
2319
2320
2488
2859
3276
3360
3195
2924
2587
2019
1471
1043
0760
0704
0724
0840
1235
1727
2307
3039
3291
3460
3768
3596
3212
3163
3112
3176
3263
3332
3320
3272
3164
2896
2556
2404
2356
2332
2268
2208
2059
1764
1519
1539
1748
2076
2383
2451
2347
2324
2308
2291
2231
2103
1940
1699
1424
1215
1167
1259
1404
1551
1656
1736
1851
2031
2260
2523
2808
3091
3255
3287
3500
3791
3552
3132
3139
3564
3840
3696
3568
3628
3647
3483
3128
2856
2440
2428
2812
2748
2748
2780
2719
2827
3124
3355
3383
3435
3555
3540
3435
3264
3007
2856
2716
2391
1908
1548
1468
1692
2003
2112
1968
1739
1531
1459
1631
2028
2332
2211
1755
1628
1707
1891
2423
2896
2884
2624
2560
2436
2163
1887
1687
1515
1312
1184
1211
1335
1491
1632
1759
1916
2132
2375
2559
2612
2516
2279
1995
1863
1915
2072
2320
2659
3035
3372
3584
3671
3743
3908
4095
4095
4095
4095
4007
3828
3567
3412
3391
3239
3055
2811
2699
2620
2656
2579
2335
2091
1972
2020
2140
2211
2316
2476
2372
2168
2072
2140
2332
2515
2715
2768
2903
2959
3036
3139
3251
3288
3227
3155
3100
3020
2871
2724
2572
2451
2407
2436
2468
2435
2364
2283
2256
2316
2387
2423
2444
2508
2519
2451
2343
2124
1804
1656
1476
1480
1615
1827
2032
1943
1472
1203
1232
1491
1771
1868
1920
1955
2092
2279
2468
2620
2803
2915
2955
2895
2952
2916
2576
2407
2455
2628
2831
3100
3439
3491
3144
2836
2583
2376
2212
2087
2024
2008
2004
1951
1864
1799
1736
1700
1708
1768
1879
2039
2140
2375
2619
2796
2820
2687
2516
2512
2623
2592
2367
2187
2164
2191
2204
2268
2400
2563
2743
2883
2911
2771
2824
2971
3084
3228
3411
3483
3491
3419
3276
3068
2948
2972
3027
3068
3051
2924
2719
2488
2372
2415
2516
2595
2648
2679
2599
2503
2536
2691
2736
2695
2627
2548
2407
2295
2123
1868
1724
1788
1991
2268
2503
2668
2800
2975
3156
3259
3312
3328
3215
3020
2980
3035
2951
2712
2508
2360
2228
2131
2051
1932
1792
1780
1911
2072
2159
2140
2087
2044
2008
1915
1924
2091
2359
2439
2316
2184
2156
2148
2320
2540
2595
2644
2675
2744
2888
3071
3184
3168
3167
3179
3148
3056
2935
2820
2767
2776
2787
2756
2640
2376
2044
1763
1535
1319
1151
1035
0923
0871
0939
1163
1488
1775
1964
2107
2252
2424
2640
2755
2751
2716
2616
2500
2491
2583
2635
2524
2408
2428
2448
2335
2111
2016
1832
1700
1644
1643
1643
1676
1739
1831
1952
2087
2200
2287
2368
2440
2499
2540
2571
2600
2632
2660
2688
2735
2811
2908
3008
3096
3160
3180
3155
3087
2988
2884
2800
2763
2776
2824
2900
2999
3119
3236
3331
3392
3416
3363
3248
3136
3079
3072
3112
3160
3171
3135
3035
2879
2724
2599
2484
2376
2303
2232
2172
2107
2052
2032
2051
2096
2148
2196
2252
2339
2435
2504
2567
2636
2707
2711
2611
2447
2396
2527
2588
2639
2584
2499
2544
2699
2820
2844
2855
2819
2660
2440
2236
2124
2064
2028
2008
2056
2151
2268
2396
2459
2556
2607
2616
2636
2683
2764
2871
2952
2984
3008
3107
3267
3167
2707
2743
2992
2984
2868
2827
2812
2728
2611
2531
2475
2424
2376
2335
2331
2388
2452
2547
2612
2608
2572
2508
2371
2199
2035
1896
1803
1723
1619
1543
1536
1616
1735
1863
1947
2003
2056
2076
2123
2171
2220
2272
2336
2415
2503
2588
2655
2684
2683
2651
2591
2488
2424
2380
2383
2423
2436
2404
2359
2316
2263
2223
2211
2195
2184
2208
2267
2367
2496
2632
2767
2880
2968
3023
3059
3080
3083
3060
3027
3019
3027
3063
3119
3171
3212
3227
3184
3056
2960
2723
2484
2263
2008
1728
1484
1340
1327
1408
1556
1731
1892
2023
2127
2191
2207
2204
2195
2200
2216
2231
2236
2251
2267
2304
2359
2435
2535
2640
2747
2840
2920
2980
3015
3040
3079
3131
3208
3336
3443
3456
3375
3223
3091
3003
2931
2876
2828
2772
2755
2731
2708
2688
2679
2616
2520
2436
2411
2404
2451
2572
2731
2900
2959
2852
2631
2419
2264
2156
2063
1995
1956
1952
1944
1944
1988
2052
2132
2199
2223
2216
2187
2148
2096
2039
1979
1927
1900
1908
1935
1976
2027
2084
2128
2167
2207
2251
2291
2335
2367
2380
2388
2387
2391
2408
2435
2512
2652
2820
2968
3072
3084
3043
2991
2912
2828
2763
2712
2703
2703
2671
2628
2595
2572
2523
2455
2399
2379
2388
2376
2339
2292
2251
2239
2256
2267
2255
2231
2204
2195
2199
2228
2272
2335
2392
2419
2424
2424
2428
2435
2460
2487
2544
2579
2580
2587
2600
2620
2655
2659
2636
2624
2635
2636
2612
2580
2556
2540
2520
2496
2479
2467
2452
2439
2439
2443
2455
2472
2500
2516
2520
2536
2548
2560
2575
2587
2595
2607
2623
2623
2615
2603
2587
2572
2564
2579
2624
2684
2764
2867
2983
3072
3104
3144
3131
3067
3032
2991
2896
2755
2616
2515
2451
2420
2392
2375
2372
2383
2400
2408
2395
2344
2279
2212
2155
2119
2096
2084
2088
2104
2131
2171
2208
2243
2276
2311
2351
2388
2419
2440
2460
2479
2504
2532
2555
2563
2563
2568
2583
2596
2616
2623
2623
2619
2612
2604
2592
2568
2539
2499
2448
2407
2395
2428
2480
2532
2592
2655
2720
2775
2808
2819
2820
2808
2799
2812
2847
2900
2956
2976
2960
2916
2852
2772
2671
2556
2456
2383
2328
2283
2243
2196
2151
2107
2064
2035
2027
2043
2064
2092
2116
2136
2156
2179
2192
2203
2207
2200
2192
2172
2159
2151
2159
2179
2208
2227
2247
2260
2283
2307
2335
2375
2412
2456
2495
2527
2552
2575
2591
2607
2623
2632
2632
2635
2635
2639
2636
2632
2624
2616
2603
2584
2559
2539
2520
2511
2508
2523
2539
2551
2559
2552
2523
2480
2443
2427
2395
2364
2351
2332
2339
2371
2391
2388
2383
2376
2380
2391
2396
2404
2419
2435
2448
2460
2468
2476
2483
2488
2500
2515
2527
2551
2571
2584
2592
2607
2623
2635
2639
2636
2639
2643
2640
2640
2639
2640
2643
2644
2644
2647
2644
2643
2647
2643
2639
2643
2643
2647
2648
2655
2664
2676
2688
2695
2700
2715
2716
2724
2716
2708
2703
2699
2688
2680
2675
2660
2644
2628
2608
2591
2576
2564
2551
2540
2520
2495
2460
2416
2368
2335
2307
2288
2288
2307
2324
2328
2335
2372
2443
2511
2563
2600
2639
2663
2643
2567
2475
2432
2363
2327
2315
2316
2323
2319
2316
2336
2368
2408
2428
2435
2435
2436
2439
2443
2444
2444
2447
2444
2444
2452
2464
2476
2468
2448
2423
2399
2372
2356
2352
2364
2379
2396
2416
2443
2463
2471
2476
2480
2483
2484
2484
2479
2472
2467
2456
2447
2440
2439
2440
2436
2436
2431
2427
2423
2407
2396
2384
2375
2355
2343
2339
2331
2327
2324
2320
2323
2327
2335
2340
2348
2352
2364
2372
2384
2396
2403
2420
2432
2444
2459
2476
2491
2500
2519
2536
2555
2564
2568
2575
2576
2576
2580
2580
2583
2580
2575
2575
2575
2575
2572
2568
2567
2563
2564
2560
2556
2552
2552
2551
2556
2560
2556
2551
2548
2551
2551
2539
2531
2527
2527
2523
2515
2507
2499
2500
2500
2503
2496
2499
2500
2507
2504
2504
2516
2527
2528
2535
2536
2543
2544
2543
2543
2539
2536
2535
2532
2524
2512
2504
2504
2504
2500
2484
2483
2484
2484
2480
2480
2484
2492
2496
2499
2503
2508
2507
2499
2496
2495
2488
2483
2475
2464
2456
2447
2436
2428
2419
2407
2396
2392
2388
2384
2384
2384
2400
2412
2419
2428
2439
2448
2459
2468
2472
2483
2491
2495
2496
2508
2519
2523
2528
2531
2528
2535
2544
2551
2555
2560
2567
2572
2579
2579
2580
2584
2591
2599
2607
2604
2608
2612
2615
2616
2623
2624
2632
2636
2640
2643
2644
2647
2648
2651
2651
2652
2651
2640
2628
2615
2603
2588
2575
2548
2527
2504
2484
2460
2432
2404
2387
2367
2343
2331
2308
2287
2264
2244
2239
2248
2263
2272
2280
2296
2308
2327
2340
2348
2360
2372
2384
2392
2399
2408
2411
2415
2415
2415
2419
2423
2427
2427
2435
2439
2443
2440
2448
2440
2440
2440
2448
2452
2455
2455
2455
2452
2464
2476
2480
2483
2491
2499
2511
2516
2519
2528
2540
2551
2552
2556
2560
2567
2564
2564
2559
2559
2560
2560
2560
2560
2555
2551
2552
2552
2551
2551
2548
2551
2555
2559
2563
2563
2571
2575
2576
2576
2583
2584
2584
2584
2587
2588
2592
2591
2591
2587
2584
2580
2575
2575
2575
2568
2560
2555
2551
2548
2540
2531
2519
2507
2499
2488
2479
2464
2456
2440
2427
2416
2407
2396
2387
2375
2367
2364
2356
2352
2348
2352
2359
2360
2364
2367
2375
2388
2395
2400
2412
2420
2432
2444
2455
2463
2476
2483
2495
2500
2512
2519
2520
2527
2535
2539
2543
2555
2556
2559
2564
2568
2571
2568
2575
2579
2580
2580
2587
2584
2587
2591
2596
2595
2592
2591
2587
2583
2584
2575
2567
2556
2547
2543
2535
2520
2507
2496
2479
2464
2452
2439
2423
2408
2391
2372
2360
2352
2343
2332
2328
2328
2323
2316
2316
2324
2336
2336
2332
2336
2344
2348
2351
2356
2359
2359
2363
2375
2376
2388
2399
2412
2423
2431
2436
2447
2456
2468
2479
2484
2491
2503
2508
2516
2527
2528
2528
2535
2532
2528
2528
2532
2535
2535
2528
2527
2532
2531
2535
2532
2535
2535
2539
2536
2536
2535
2539
2536
2543
2547
2552
2552
2556
2555
2552
2556
2556
2564
2559
2556
2551
2551
2555
2551
2547
2543
2539
2536
2536
2531
2527
2524
2519
2515
2512
2515
2515
2512
2511
2511
2508
2511
2512
2503
2503
2508
2511
2512
2515
2515
2515
2523
2527
2524
2524
2527
2524
2524
2528
2524
2523
2528
2527
2524
2516
2519
2516
2516
2508
2508
2508
2503
2496
2499
2499
2495
2492
2488
2491
2492
2491
2491
2487
2483
2484
2480
2483
2483
2475
2468
2472
2472
2468
2463
2460
2463
2463
2459
2455
2452
2452
2452
2455
2451
2443
2439
2440
2439
2443
2439
2432
2436
2436
2439
2440
2435
2431
2432
2440
2435
2435
2436
2440
2447
2443
2443
2448
2455
2448
2452
2459
2463
2467
2472
2476
2472
2480
2487
2492
2495
2495
2499
2500
2507
2504
2500
2504
2511
2512
2512
2508
2504
2504
2503
2504
2500
2500
2495
2491
2492
2491
2491
2483
2479
2476
2476
2476
2472
2475
2476
2476
2472
2471
2475
2480
2483
2483
2488
2492
2496
2504
2500
2500
2503
2511
2511
2508
2512
2511
2512
2519
2516
2519
2519
2520
2519
2515
2516
2516
2515
2516
2516
2511
2511
2512
2516
2516
2512
2512
2515
2516
2515
2519
2511
2512
2519
2519
2516
2512
2519
2520
2516
2511
2519
2520
2515
2512
2512
2519
2519
2512
2511
2511
2508
2507
2511
2508
2508
2503
2503
2499
2495
2488
2487
2487
2483
2479
2475
2471
2467
2459
2451
2444
2439
2432
2428
2420
2420
2416
2411
2403
2396
2395
2396
2391
2384
2383
2383
2383
2380
2383
2391
2388
2392
2395
2399
2408
2416
2420
2419
2427
2439
2447
2448
2456
2464
2468
2475
2480
2487
2492
2492
2500
2507
2507
2512
2519
2524
2523
2527
2535
2539
2544
2547
2551
2551
2551
2560
2560
2560
2559
2563
2563
2564
2560
2567
2567
2567
2564
2567
2567
2559
2563
2563
2563
2559
2559
2560
2555
2548
2544
2543
2539
2540
2540
2539
2532
2532
2535
2531
2528
2528
2524
2520
2524
2524
2520
2519
2519
2523
2520
2520
2515
2512
2511
2507
2504
2500
2500
2499
2496
2492
2492
2491
2487
2484
2483
2479
2483
2479
2475
2471
2471
2464
2467
2467
2468
2464
2463
2468
2471
2464
2460
2460
2468
2468
2467
2463
2464
2467
2468
2467
2467
2464
2464
2472
2468
2467
2471
2472
2475
2472
2468
2467
2468
2476
2471
2467
2467
2467
2471
2468
2471
2467
2464
2460
2460
2467
2471
2468
2464
2467
2468
2464
2464
2464
2471
2467
2467
2468
2476
2476
2476
2476
2484
2487
2484
2484
2491
2495
2492
2491
2499
2503
2499
2500
2503
2503
2507
2503
2500
2504
2504
2504
2503
2500
2503
2504
2500
2496
2496
2492
2491
2492
2491
2488
2487
2487
2484
2483
2480
2476
2476
2479
2480
2483
2479
2479
2479
2476
2479
2480
2487
2483
2484
2480
2483
2484
2487
2483
2484
2484
2483
2484
2488
2483
2483
2484
2487
2484
2483
2483
2480
2479
2480
2484
2480
2483
2479
2475
2479
2479
2480
2479
2479
2480
2483
2480
2472
2483
2484
2487
2487
2484
2483
2483
2488
2495
2495
2495
2496
2499
2499
2504
2507
2508
2507
2512
2515
2516
2520
2519
2523
2527
2523
2524
2535
2532
2532
2531
2535
2540
2535
2532
2536
2536
2536
2539
2540
2540
2539
2543
2540
2532
2531
2532
2535
2527
2523
2523
2524
2523
2524
2524
2524
2520
2519
2512
2508
2508
2511
2508
2500
2499
2491
2492
2491
2487
2484
2479
2479
2475
2476
2468
2471
2467
2464
2467
2464
2460
2460
2456
2460
2456
2456
2459
2464
2463
2452
2452
2455
2452
2451
2452
2448
2448
2455
2455
2451
2451
2456
2460
2460
2459
2459
2459
2463
2467
2467
2467
2472
2472
2471
2468
2475
2479
2479
2479
2483
2487
2480
2479
2476
2476
2479
2476
2472
2472
2475
2476
2479
2476
2475
2475
2476
2476
2476
2479
2483
2484
2484
2483
2484
2484
2484
2484
2487
2488
2488
2488
2488
2491
2496
2495
2491
2488
2492
2495
2495
2491
2492
2492
2492
2487
2488
2495
2495
2491
2492
2496
2491
2491
2492
2496
2495
2499
2503
2499
2503
2507
2512
2508
2508
2508
2512
2511
2512
2515
2516
2515
2516
2520
2527
2523
2523
2523
2524
2527
2524
2523
2527
2524
2520
2523
2523
2524
2528
2527
2523
2523
2524
2523
2520
2519
2524
2519
2515
2512
2508
2507
2508
2507
2503
2504
2507
2508
2503
2500
2500
2495
2495
2495
2492
2488
2488
2488
2484
2487
2484
2484
2484
2483
2479
2475
2480
2483
2480
2476
2480
2479
2476
2479
2479
2479
2479
2483
2487
2484
2488
2484
2484
2479
2480
2484
2488
2492
2492
2491
2492
2499
2503
2499
2495
2495
2495
2495
2495
2488
2492
2491
2491
2488
2492
2495
2487
2484
2488
2484
2483
2483
2480
2483
2480
2476
2476
2472
2472
2476
2475
2476
2475
2471
2471
2471
2472
2472
2471
2471
2471
2468
2467
2467
2464
2463
2459
2463
2467
2467
2464
2467
2475
2468
2464
2467
2471
2472
2471
2472
2472
2475
2475
2475
2475
2476
2480
2479
2480
2480
2488
2488
2488
2488
2492
2492
2495
2495
2496
2495
2492
2499
2499
2495
2496
2499
2503
2499
2503
2503
2503
2507
2508
2504
2503
2504
2508
2507
2503
2500
2500
2507
2504
2507
2504
2500
2504
2504
2504
2511
2507
2499
2495
2496
2499
2499
2503
2496
2496
2496
2496
2496
2495
2492
2496
2495
2495
2488
2487
2484
2491
2491
2484
2480
2484
2483
2480
2480
2483
2484
2483
2476
2484
2487
2488
2484
2484
2484
2488
2487
2487
2484
2488
2483
2484
2484
2484
2488
2488
2492
2491
2491
2496
2492
2492
2496
2495
2492
2499
2495
2491
2496
2499
2496
2496
2495
2495
2496
2499
2500
2500
2496
2500
2495
2492
2496
2495
2492
2492
2492
2492
2491
2492
2492
2495
2492
2492
2491
2491
2487
2488
2488
2487
2488
2488
2487
2484
2484
2484
2483
2483
2483
2484
2487
2487
2491
2488
2487
2487
2488
2487
2488
2488
2488
2495
2488
2491
2492
2495
2492
2495
2495
2488
2487
2492
2492
2492
2495
2491
2491
2488
2491
2491
2492
2491
2488
2483
2487
2488
2487
2484
2483
2487
2480
2483
2483
2480
2475
2472
2479
2483
2480
2476
2479
2479
2480
2480
2476
2476
2479
2479
2476
2480
2484
2484
2480
2484
2488
2488
2491
2488
2487
2491
2491
2491
2495
2495
2492
2496
2499
2499
2492
2492
2499
2500
2500
2500
2504
2504
2503
2500
2504
2511
2515
2508
2504
2508
2515
2515
2515
2511
2511
2511
2511
2511
2508
2508
2511
2507
2507
2507
2504
2508
2507
2507
2500
2499
2503
2496
2499
2500
2499
2496
2491
2491
2488
2491
2491
2491
2487
2480
2484
2487
2491
2492
2491
2487
2487
2488
2491
2484
2487
2483
2487
2491
2491
2488
2491
2488
2491
2491
2487
2484
2491
2491
2484
2488
2488
2491
2491
2484
2488
2491
2491
2491
2492
2488
2484
2488
2491
2487
2487
2484
2484
2484
2487
2484
2483
2480
2479
2479
2476
2476
2475
2475
2475
2476
2475
2475
2472
2475
2472
2472
2472
2472
2472
2471
2471
2475
2476
2476
2476
2471
2471
2472
2475
2480
2476
2479
2475
2483
2480
2479
2479
2483
2484
2480
2480
2480
2480
2484
2484
2488
2488
2488
2487
2488
2484
2487
2487
2488
2488
2491
2492
2488
2492
2496
2499
2495
2495
2499
2495
2500
2500
2503
2508
2508
2504
2503
2507
2512
2511
2511
2511
2516
2519
2519
2515
2511
2516
2511
2515
2508
2512
2515
2511
2516
2515
2516
2515
2515
2516
2520
2515
2516
2519
2519
2516
2512
2516
2512
2511
2507
2504
2508
2508
2511
2508
2503
2496
2495
2500
2503
2500
2496
2492
2495
2499
2495
2488
2488
2492
2492
2491
2487
2487
2495
2487
2484
2487
2487
2484
2479
2487
2487
2484
2475
2476
2480
2480
2479
2483
2479
2480
2479
2475
2476
2475
2471
2475
2475
2479
2475
2475
2475
2472
2476
2475
2479
2479
2479
2476
2479
2476
2475
2479
2480
2484
2479
2480
2479
2479
2476
2480
2480
2480
2480
2480
2480
2483
2483
2479
2480
2480
2480
2480
2487
2487
2483
2487
2484
2484
2487
2487
2488
2491
2491
2484
2480
2484
2491
2491
2487
2491
2496
2496
2495
2496
2496
2492
2495
2492
2491
2492
2495
2492
2495
2496
2500
2495
2495
2499
2496
2500
2499
2495
2496
2499
2496
2496
2496
2496
2496
2492
2500
2496
2499
2503
2500
2499
2499
2500
2496
2492
2492
2491
2492
2492
2492
2496
2495
2495
2491
2488
2492
2496
2495
2492
2487
2487
2487
2487
2484
2476
2484
2488
2488
2488
2488
2487
2487
2488
2484
2484
2484
2487
2495
2491
2487
2487
2487
2488
2484
2484
2487
2495
2495
2492
2487
2487
2492
2491
2488
2491
2495
2495
2495
2492
2499
2496
2495
2499
2500
2496
2496
2500
2500
2500
2500
2503
2500
2504
2500
2495
2500
2503
2500
2504
2504
2503
2503
2503
2504
2499
2500
2504
2504
2499
2500
2504
2504
2496
2496
2499
2503
2507
2499
2495
2495
2496
2496
2492
2495
2492
2492
2491
2488
2488
2495
2496
2492
2488
2488
2487
2488
2479
2480
2484
2483
2480
2479
2479
2480
2480
2476
2472
2468
2468
2476
2475
2475
2475
2471
2475
2472
2468
2467
2467
2464
2471
2472
2463
2464
2471
2471
2472
2475
2464
2472
2472
2468
2464
2467
2475
2475
2476
2472
2471
2475
2480
2483
2483
2487
2484
2484
2483
2487
2487
2484
2484
2488
2488
2488
2491
2492
2491
2492
2499
2499
2492
2492
2495
2492
2499
2500
2499
2499
2496
2503
2503
2500
2496
2503
2507
2507
2508
2507
2507
2504
2504
2507
2504
2508
2511
2507
2508
2515
2512
2512
2512
2512
2511
2511
2511
2507
2503
2507
2512
2511
2504
2503
2503
2507
2503
2503
2500
2496
2499
2496
2492
2491
2488
2491
2492
2492
2491
2488
2488
2491
2484
2484
2487
2483
2479
2483
2480
2479
2476
2483
2480
2480
2483
2480
2483
2483
2483
2479
2475
2483
2487
2483
2479
2483
2484
2487
2484
2487
2488
2487
2483
2484
2483
2483
2487
2491
2487
2484
2483
2483
2491
2491
2488
2488
2488
2492
2488
2483
2487
2492
2495
2495
2495
2492
2491
2492
2495
2500
2500
2499
2496
2500
2499
2499
2495
2500
2499
2500
2500
2503
2503
2504
2504
2504
2503
2503
2503
2504
2507
2508
2504
2500
2504
2507
2508
2508
2507
2508
2504
2500
2500
2503
2500
2499
2496
2496
2500
2499
2499
2499
2496
2500
2495
2491
2492
2499
2499
2495
2491
2491
2492
2495
2492
2488
2488
2488
2487
2487
2488
2491
2484
2483
2483
2483
2479
2480
2484
2484
2484
2484
2479
2480
2480
2479
2475
2480
2483
2484
2483
2480
2479
2480
2483
2480
2480
2483
2483
2480
2479
2480
2480
2480
2479
2480
2480
2475
2479
2479
2476
2476
2476
2480
2472
2472
2472
2475
2476
2476
2475
2472
2479
2479
2476
2479
2479
2476
2480
2483
2480
2476
2483
2480
2483
2479
2479
2484
2484
2491
2491
2488
2484
2487
2488
2492
2495
2492
2491
2492
2495
2496
2499
2500
2503
2503
2503
2504
2504
2499
2500
2500
2503
2504
2504
2504
2503
2500
2508
2508
2500
2500
2500
2504
2503
2500
2503
2499
2499
2500
2496
2495
2496
2496
2491
2488
2495
2496
2492
2488
2488
2491
2484
2484
2484
2484
2487
2488
2484
2484
2483
2484
2480
2475
2480
2484
2484
2487
2484
2483
2484
2491
2491
2484
2487
2488
2488
2484
2487
2491
2492
2491
2491
2496
2500
2496
2495
2496
2503
2500
2499
2500
2504
2504
2503
2503
2500
2503
2503
2503
2507
2504
2500
2504
2507
2504
2503
2500
2499
2499
2495
2491
2495
2495
2499
2496
2488
2487
2491
2491
2492
2491
2484
2483
2480
2484
2480
2483
2483
2484
2480
2479
2479
2480
2480
2476
2476
2480
2484
2479
2476
2480
2479
2483
2480
2480
2480
2483
2483
2480
2484
2480
2480
2484
2483
2484
2483
2487
2488
2488
2484
2488
2488
2488
2488
2487
2491
2491
2487
2483
2488
2491
2488
2483
2487
2488
2488
2488
2496
2499
2495
2491
2495
2492
2495
2492
2495
2495
2496
2499
2499
2495
2495
2496
2495
2492
2496
2495
2492
2495
2496
2492
2491
2492
2491
2488
2492
2492
2495
2488
2487
2488
2491
2491
2487
2480
2488
2487
2488
2487
2492
2484
2480
2480
2483
2484
2488
2483
2483
2483
2484
2480
2483
2480
2483
2483
2483
2480
2483
2479
2479
2480
2483
2484
2483
2476
2480
2480
2484
2483
2480
2479
2480
2483
2483
2480
2480
2479
2484
2484
2480
2483
2487
2483
2479
2488
2487
2488
2487
2484
2487
2488
2488
2492
2492
2495
2496
2491
2496
2499
2499
2503
2503
2499
2500
2499
2499
2503
2504
2508
2507
2507
2504
2500
2500
2504
2504
2503
2499
2500
2503
2507
2504
2504
2508
2508
2507
2500
2504
2504
2503
2500
2500
2507
2507
2508
2504
2503
2500
2499
2503
2503
2499
2492
2495
2495
2492
2492
2491
2491
2488
2484
2487
2487
2487
2483
2480
2487
2491
2491
2491
2487
2483
2483
2488
2492
2492
2487
2487
2495
2499
2495
2492
2496
2495
2503
2503
2499
2499
2504
2504
2500
2500
2500
2507
2504
2503
2503
2504
2511
2507
2500
2500
2500
2508
2508
2507
2499
2500
2499
2499
2496
2503
2500
2496
2496
2495
2491
2491
2488
2491
2491
2496
2492
2487
2491
2492
2488
2488
2487
2487
2484
2484
2484
2480
2483
2484
2483
2479
2480
2483
2476
2475
2471
2475
2475
2476
2475
2471
2468
2468
2471
2468
2464
2464
2467
2468
2464
2471
2472
2471
2471
2467
2471
2472
2476
2472
2468
2476
2476
2475
2475
2479
2484
2480
2480
2487
2488
2491
2487
2488
2483
2488
2488
2488
2491
2491
2495
2496
2499
2499
2496
2499
2500
2499
2500
2496
2492
2496
2503
2499
2495
2500
2504
2503
2500
2503
2500
2496
2496
2496
2491
2496
2499
2496
2492
2496
2499
2499
2492
2491
2492
2492
2491
2483
2484
2488
2483
2483
2488
2491
2483
2479
2484
2484
2480
2483
2487
2492
2487
2476
2476
2480
2483
2484
2480
2488
2492
2491
2488
2488
2492
2495
2496
2495
2488
2491
2491
2491
2491
2492
2491
2492
2492
2496
2499
2499
2496
2495
2492
2495
2495
2499
2496
2492
2488
2495
2499
2499
2495
2495
2496
2491
2492
2491
2492
2492
2495
2496
2496
2496
2492
2496
2499
2496
2495
2495
2495
2495
2495
2495
2492
2495
2495
2492
2491
2492
2499
2500
2500
2495
2495
2500
2500
2499
2488
2492
2495
2495
2492
2492
2491
2488
2488
2488
2488
2488
2484
2484
2480
2480
2484
2488
2487
2484
2479
2483
2484
2487
2483
2480
2480
2480
2479
2480
2483
2483
2484
2484
2476
2483
2480
2480
2483
2480
2480
2479
2480
2480
2483
2483
2479
2479
2479
2480
2476
2479
2476
2480
2483
2483
2483
2480
2480
2484
2484
2480
2480
2480
2487
2491
2488
2492
2488
2488
2488
2488
2491
2487
2495
2496
2499
2496
2496
2499
2503
2503
2496
2499
2500
2507
2507
2500
2495
2496
2500
2503
2499
2500
2503
2499
2499
2500
2500
2504
2503
2500
2495
2496
2496
2499
2495
2500
2500
2500
2500
2499
2496
2496
2491
2495
2500
2499
2492
2496
2491
2492
2495
2491
2484
2487
2488
2491
2491
2484
2484
2483
2487
2487
2488
2484
2483
2480
2479
2479
2480
2484
2480
2480
2480
2480
2483
2476
2479
2475
2479
2476
2479
2483
2480
2483
2487
2487
2480
2480
2483
2487
2488
2483
2484
2484
2488
2484
2484
2484
2484
2484
2487
2487
2491
2496
2491
2484
2484
2483
2483
2484
2488
2487
2488
2487
2495
2488
2484
2488
2491
2488
2488
2488
2491
2491
2495
2491
2488
2487
2496
2499
2495
2488
2491
2496
2499
2496
2492
2488
2488
2488
2491
2495
2495
2492
2496
2499
2496
2499
2500
2500
2500
2496
2496
2499
2503
2500
2499
2495
2496
2496
2492
2495
2496
2495
2496
2499
2499
2496
2495
2495
2500
2499
2495
2492
2491
2495
2499
2492
2492
2492
2495
2495
2495
2496
2495
2491
2496
2496
2500
2495
2492
2495
2499
2500
2500
2499
2499
2499
2496
2496
2496
2495
2495
2491
2495
2496
2492
2492
2492
2492
2495
2492
2495
2495
2491
2488
2491
2491
2488
2492
2492
2495
2491
2491
2491
2491
2491
2487
2491
2491
2488
2487
2484
2487
2488
2487
2484
2484
2487
2484
2487
2491
2484
2484
2487
2484
2487
2483
2483
2491
2491
2488
2488
2487
2492
2492
2491
2487
2488
2488
2488
2488
2491
2492
2495
2496
2495
2492
2495
2492
2491
2492
2492
2491
2492
2492
2488
2492
2492
2495
2496
2499
2496
2495
2495
2495
2492
2492
2491
2487
2491
2492
2492
2487
2484
2491
2491
2487
2483
2483
2487
2484
2480
2476
2475
2479
2480
2479
2476
2475
2476
2475
2480
2479
2476
2475
2475
2476
2475
2471
2476
2475
2479
2479
2480
2476
2476
2475
2472
2479
2479
2476
2476
2484
2483
2480
2484
2483
2487
2492
2491
2488
2492
2499
2492
2492
2491
2495
2503
2500
2500
2499
2500
2503
2504
2504
2503
2500
2500
2503
2500
2504
2507
2503
2499
2504
2504
2504
2503
2500
2499
2500
2500
2500
2499
2500
2503
2499
2499
2495
2496
2495
2499
2500
2499
2491
2492
2496
2499
2499
2492
2488
2491
2491
2492
2487
2487
2491
2492
2491
2488
2487
2483
2483
2483
2487
2483
2479
2480
2480
2483
2483
2487
2484
2480
2484
2484
2488
2483
2475
2480
2487
2488
2483
2484
2484
2483
2487
2491
2488
2488
2488
2488
2487
2484
2491
2491
2488
2495
2492
2488
2487
2488
2495
2496
2491
2495
2492
2492
2491
2491
2492
2499
2503
2495
2492
2499
2496
2495
2491
2496
2500
2500
2499
2491
2496
2495
2492
2499
2503
2500
2492
2492
2492
2495
2495
2491
2492
2492
2492
2492
2491
2492
2488
2492
2492
2500
2496
2496
2492
2491
2491
2491
2491
2488
2491
2492
2492
2491
2488
2491
2488
2488
2487
2488
2491
2495
2491
2495
2496
2491
2487
2484
2488
2488
2492
2496
2492
2495
2499
2499
2499
2499
2495
2495
2499
2499
2491
2495
2496
2500
2499
2499
2495
2495
2495
2492
2495
2495
2495
2495
2492
2492
2495
2496
2492
2492
2496
2492
2488
2491
2488
2492
2495
2499
2492
2488
2492
2495
2492
2495
2488
2487
2487
2487
2488
2491
2484
2483
2483
2483
2487
2488
2480
2480
2476
2483
2483
2487
2479
2476
2472
2472
2476
2476
2476
2475
2471
2472
2475
2472
2471
2472
2475
2480
2476
2479
2479
2479
2476
2476
2479
2480
2483
2479
2479
2483
2480
2483
2487
2487
2484
2483
2484
2488
2488
2488
2491
2492
2491
2496
2492
2496
2495
2496
2499
2496
2492
2495
2499
2504
2500
2499
2499
2503
2503
2503
2503
2504
2499
2492
2499
2500
2500
2499
2496
2499
2500
2500
2499
2499
2496
2500
2499
2495
2492
2491
2492
2488
2488
2491
2495
2495
2484
2488
2491
2491
2492
2492
2491
2492
2491
2491
2488
2491
2488
2495
2491
2487
2488
2491
2492
2488
2491
2499
2499
2496
2492
2499
2499
2499
2496
2495
2495
2500
2499
2495
2495
2491
2496
2496
2499
2496
2495
2495
2495
2496
2496
2488
2488
2488
2492
2492
2488
2488
2488
2488
2488
2491
2492
2488
2487
2488
2492
2484
2483
2492
2495
2495
2492
2492
2484
2483
2487
2491
2491
2487
2488
2487
2491
2492
2492
2492
2495
2495
2496
2495
2492
2492
2495
2495
2491
2487
2488
2488
2492
2495
2496
2496
2495
2492
2495
2492
2491
2488
2495
2496
2496
2495
2492
2488
2488
2487
2492
2495
2488
2483
2487
2487
2487
2488
2492
2487
2484
2487
2487
2487
2484
2480
2483
2480
2483
2479
2483
2479
2479
2480
2479
2480
2484
2480
2483
2480
2476
2476
2480
2483
2483
2484
2483
2487
2487
2484
2484
2488
2492
2487
2483
2484
2492
2487
2484
2491
2492
2491
2491
2492
2495
2491
2492
2495
2499
2499
2496
2500
2499
2495
2495
2495
2500
2500
2499
2500
2503
2504
2503
2503
2503
2500
2504
2500
2500
2496
2495
2495
2500
2500
2499
2500
2503
2500
2500
2496
2499
2496
2500
2499
2500
2496
2499
2496
2495
2491
2492
2492
2488
2488
2495
2492
2487
2488
2487
2484
2487
2483
2480
2483
2488
2487
2483
2484
2487
2483
2483
2483
2484
2483
2479
2480
2480
2480
2483
2479
2476
2479
2479
2479
2475
2480
2484
2480
2476
2480
2483
2476
2479
2475
2476
2483
2484
2487
2483
2480
2483
2487
2488
2484
2483
2488
2491
2487
2484
2487
2492
2492
2487
2487
2491
2488
2488
2488
2488
2491
2495
2488
2488
2488
2491
2491
2484
2488
2492
2492
2491
2487
2487
2488
2492
2492
2492
2491
2491
2492
2495
2491
2492
2496
2503
2500
2499
2496
2495
2496
2500
2500
2495
2492
2495
2499
2499
2495
2499
2500
2503
2500
2499
2499
2504
2503
2500
2496
2499
2496
2499
2499
2499
2496
2496
2496
2500
2499
2496
2499
2496
2492
2495
2488
2495
2496
2492
2487
2483
2483
2483
2487
2488
2491
2487
2483
2487
2487
2484
2487
2483
2483
2483
2484
2487
2487
2484
2487
2484
2484
2484
2484
2479
2479
2484
2484
2480
2480
2483
2487
2488
2487
2484
2480
2487
2487
2488
2484
2487
2488
2491
2488
2495
2491
2491
2491
2492
2488
2491
2495
2492
2492
2495
2492
2491
2487
2492
2495
2492
2495
2491
2487
2492
2491
2495
2496
2499
2495
2492
2495
2495
2492
2492
2496
2496
2492
2495
2495
2499
2495
2496
2491
2491
2492
2499
2496
2492
2492
2496
2499
2496
2492
2491
2495
2499
2499
2499
2495
2495
2499
2500
2495
2496
2499
2496
2492
2495
2495
2495
2496
2492
2488
2488
2487
2491
2492
2488
2491
2491
2491
2484
2483
2488
2488
2480
2484
2480
2483
2484
2484
2480
2480
2480
2483
2483
2479
2479
2483
2484
2484
2479
2476
2479
2487
2484
2480
2479
2484
2484
2487
2488
2484
2484
2484
2484
2487
2488
2487
2488
2488
2491
2487
2491
2491
2491
2492
2491
2491
2495
2492
2492
2495
2495
2495
2496
2500
2496
2496
2499
2496
2499
2495
2496
2499
2499
2500
2495
2496
2496
2499
2500
2503
2503
2499
2496
2499
2495
2492
2488
2491
2495
2492
2495
2488
2488
2487
2488
2488
2487
2479
2479
2480
2484
2483
2483
2483
2479
2483
2483
2487
2487
2484
2484
2484
2484
2484
2487
2483
2487
2484
2488
2484
2480
2480
2484
2487
2480
2480
2483
2484
2488
2488
2484
2484
2487
2483
2480
2483
2483
2484
2487
2491
2492
2492
2488
2491
2487
2479
2484
2491
2488
2491
2488
2488
2487
2483
2484
2488
2491
2491
2487
2487
2487
2487
2488
2488
2487
2488
2492
2495
2492
2492
2496
2496
2495
2496
2495
2495
2499
2495
2496
2495
2496
2499
2499
2499
2496
2504
2503
2499
2495
2495
2496
2499
2500
2499
2495
2496
2491
2488
2491
2495
2500
2496
2495
2495
2492
2499
2491
2488
2491
2495
2495
2492
2491
2492
2491
2492
2484
2483
2483
2488
2488
2487
2487
2488
2484
2483
2487
2484
2487
2483
2484
2487
2484
2480
2484
2487
2487
2487
2483
2480
2487
2488
2492
2491
2484
2484
2483
2488
2488
2488
2487
2484
2487
2484
2484
2480
2480
2491
2487
2480
2479
2475
2480
2479
2483
2483
2483
2480
2487
2488
2491
2488
2484
2479
2484
2487
2487
2487
2488
2491
2492
2496
2491
2487
2488
2492
2492
2492
2492
2487
2492
2491
2491
2491
2496
2492
2492
2495
2492
2496
2496
2495
2491
2492
2495
2491
2496
2496
2499
2496
2495
2495
2496
2499
2496
