2815
2492
2488
2487
2480
2483
2484
2479
2472
2467
2467
2468
2468
2472
2468
2468
2467
2471
2472
2468
2467
2471
2471
2471
2472
2471
2471
2476
2479
2483
2480
2484
2484
2487
2484
2488
2488
2488
2484
2483
2487
2491
2487
2487
2492
2488
2492
2495
2500
2507
2503
2499
2503
2504
2507
2508
2507
2508
2504
2504
2504
2503
2499
2499
2496
2499
2491
2492
2495
2487
2487
2491
2488
2487
2487
2492
2499
2499
2495
2496
2499
2500
2500
2496
2499
2496
2495
2496
2499
2504
2504
2500
2499
2504
2504
2500
2500
2500
2499
2496
2495
2492
2487
2491
2495
2491
2488
2492
2492
2491
2480
2484
2491
2491
2487
2488
2492
2488
2491
2492
2491
2484
2480
2487
2488
2484
2476
2472
2476
2479
2475
2475
2475
2476
2476
2476
2471
2467
2468
2472
2471
2467
2468
2464
2463
2464
2467
2467
2467
2468
2475
2479
2476
2479
2480
2483
2487
2488
2492
2491
2492
2492
2499
2500
2507
2512
2515
2515
2512
2516
2516
2519
2516
2520
2516
2520
2519
2520
2523
2524
2516
2516
2519
2519
2519
2512
2508
2507
2504
2499
2492
2492
2496
2492
2495
2491
2487
2484
2491
2491
2491
2492
2495
2491
2496
2503
2496
2496
2496
2499
2496
2495
2495
2492
2491
2488
2483
2479
2475
2464
2459
2455
2451
2444
2436
2436
2432
2431
2435
2436
2440
2443
2444
2448
2451
2455
2463
2464
2467
2468
2475
2475
2480
2483
2480
2484
2491
2499
2503
2504
2507
2512
2515
2516
2512
2511
2508
2512
2516
2516
2516
2511
2508
2511
2511
2512
2507
2503
2500
2499
2495
2488
2484
2484
2487
2487
2483
2479
2480
2479
2472
2468
2463
2464
2464
2468
2471
2479
2483
2483
2484
2491
2491
2495
2495
2499
2503
2503
2503
2508
2512
2511
2515
2515
2516
2520
2524
2523
2523
2523
2527
2528
2527
2528
2524
2527
2524
2523
2520
2519
2511
2507
2508
2504
2495
2488
2484
2483
2475
2468
2468
2471
2471
2468
2468
2472
2480
2487
2483
2483
2483
2483
2483
2484
2483
2480
2483
2487
2483
2479
2479
2483
2484
2483
2480
2484
2488
2488
2484
2487
2491
2491
2484
2483
2483
2487
2488
2495
2492
2496
2503
2508
2512
2507
2511
2512
2516
2512
2516
2516
2516
2519
2516
2519
2523
2523
2523
2524
2520
2519
2520
2519
2512
2507
2515
2512
2508
2504
2504
2507
2500
2496
2495
2492
2491
2487
2480
2472
2468
2463
2460
2456
2452
2451
2444
2444
2443
2439
2436
2431
2427
2431
2432
2431
2428
2428
2432
2443
2444
2436
2435
2432
2431
2427
2432
2427
2420
2415
2411
2415
2419
2412
2415
2412
2412
2419
2419
2428
2436
2443
2452
2460
2464
2472
2484
2499
2503
2507
2512
2515
2527
2532
2535
2539
2544
2544
2547
2547
2552
2548
2551
2551
2547
2544
2547
2540
2539
2535
2531
2528
2527
2536
2532
2527
2524
2527
2532
2532
2532
2539
2540
2540
2544
2552
2556
2559
2559
2556
2563
2560
2564
2559
2556
2563
2560
2560
2556
2555
2552
2551
2547
2544
2540
2531
2528
2520
2516
2508
2508
2496
2484
2479
2479
2471
2467
2460
2452
2452
2443
2431
2431
2436
2435
2427
2419
2416
2420
2420
2424
2427
2432
2431
2435
2432
2435
2436
2443
2444
2444
2440
2444
2455
2460
2459
2455
2460
2471
2475
2475
2472
2472
2475
2479
2480
2484
2484
2491
2488
2499
2500
2500
2503
2503
2504
2511
2511
2515
2511
2515
2519
2515
2512
2516
2519
2512
2515
2516
2507
2507
2504
2499
2495
2492
2488
2483
2476
2475
2471
2471
2468
2471
2464
2467
2468
2475
2476
2475
2480
2483
2484
2480
2476
2480
2487
2492
2491
2491
2491
2495
2496
2496
2499
2503
2499
2496
2495
2500
2500
2496
2495
2499
2496
2487
2483
2484
2487
2487
2476
2472
2471
2471
2476
2476
2479
2479
2475
2479
2483
2484
2484
2484
2483
2484
2487
2491
2491
2495
2492
2495
2491
2491
2496
2495
2492
2492
2487
2488
2495
2495
2496
2496
2499
2491
2492
2499
2503
2503
2503
2507
2504
2507
2515
2519
2516
2511
2515
2519
2520
2516
2516
2520
2523
2523
2523
2527
2531
2527
2520
2519
2523
2519
2516
2515
2512
2512
2516
2516
2516
2516
2516
2515
2516
2520
2519
2511
2507
2504
2500
2496
2491
2483
2483
2479
2476
2468
2471
2468
2464
2460
2467
2463
2460
2464
2467
2464
2460
2464
2468
2468
2468
2468
2471
2464
2464
2456
2459
2456
2452
2447
2447
2447
2448
2447
2443
2444
2443
2440
2440
2439
2440
2443
2447
2447
2451
2455
2455
2452
2456
2464
2471
2476
2476
2476
2487
2495
2491
2488
2487
2487
2491
2492
2496
2499
2499
2500
2499
2503
2500
2503
2500
2496
2503
2499
2496
2495
2499
2496
2495
2491
2488
2488
2484
2483
2480
2484
2488
2488
2484
2483
2483
2483
2476
2479
2480
2487
2491
2491
2492
2500
2511
2515
2520
2524
2527
2528
2527
2523
2527
2524
2523
2515
2508
2512
2512
2512
2515
2520
2516
2508
2515
2519
2515
2515
2515
2507
2499
2504
2508
2503
2496
2495
2495
2488
2488
2492
2499
2500
2503
2503
2500
2503
2508
2512
2512
2511
2515
2516
2515
2508
2504
2500
2500
2500
2492
2488
2487
2483
2479
2475
2472
2468
2467
2467
2467
2467
2463
2459
2456
2460
2460
2460
2460
2467
2464
2468
2471
2475
2475
2476
2479
2480
2484
2480
2480
2480
2480
2487
2488
2488
2479
2476
2483
2487
2488
2492
2492
2496
2496
2496
2496
2496
2503
2503
2500
2503
2504
2500
2503
2508
2511
2512
2508
2508
2508
2503
2496
2499
2503
2511
2508
2507
2504
2504
2500
2499
2500
2500
2504
2499
2491
2487
2484
2480
2479
2479
2475
2475
2475
2475
2476
2476
2471
2472
2476
2472
2471
2463
2467
2471
2468
2467
2468
2468
2471
2471
2467
2464
2467
2467
2468
2464
2463
2464
2467
2471
2467
2468
2476
2479
2480
2479
2480
2487
2483
2487
2491
2487
2487
2488
2492
2495
2495
2495
2495
2495
2492
2491
2495
2499
2500
2496
2495
2499
2496
2499
2504
2504
2504
2507
2504
2503
2500
2496
2499
2500
2503
2499
2495
2491
2495
2500
2504
2500
2499
2499
2503
2500
2503
2503
2508
2512
2511
2507
2512
2511
2515
2520
2520
2520
2523
2520
2515
2508
2503
2504
2504
2503
2503
2495
2496
2492
2492
2491
2491
2487
2488
2492
2492
2487
2488
2491
2487
2483
2479
2476
2479
2479
2472
2467
2468
2467
2468
2463
2463
2455
2456
2463
2471
2468
2467
2468
2472
2480
2479
2480
2479
2483
2491
2488
2492
2492
2495
2499
2500
2503
2500
2500
2503
2500
2499
2495
2495
2495
2495
2492
2491
2488
2487
2487
2487
2487
2484
2484
2488
2492
2495
2492
2499
2500
2496
2491
2492
2499
2500
2495
2492
2484
2484
2487
2483
2479
2479
2479
2483
2479
2476
2476
2479
2479
2476
2479
2479
2480
2483
2483
2484
2487
2487
2491
2492
2487
2492
2500
2500
2500
2504
2507
2512
2511
2504
2503
2507
2508
2508
2507
2511
2508
2508
2504
2511
2507
2504
2500
2500
2500
2496
2492
2495
2495
2499
2491
2488
2491
2483
2479
2476
2476
2479
2475
2468
2468
2464
2467
2460
2464
2467
2459
2456
2456
2460
2463
2463
2463
2467
2476
2475
2472
2475
2480
2484
2484
2491
2495
2496
2500
2503
2500
2503
2507
2507
2500
2499
2507
2511
2507
2504
2504
2503
2500
2503
2507
2504
2496
2500
2499
2499
2495
2491
2491
2483
2475
2479
2483
2483
2483
2483
2483
2480
2480
2479
2476
2479
2480
2487
2484
2487
2488
2488
2488
2488
2495
2503
2500
2503
2504
2511
2511
2507
2507
2504
2504
2504
2500
2499
2496
2500
2495
2495
2492
2492
2487
2483
2487
2484
2479
2480
2480
2479
2475
2472
2475
2476
2472
2472
2471
2472
2472
2479
2475
2472
2475
2479
2483
2480
2480
2484
2488
2495
2492
2495
2500
2507
2511
2504
2507
2504
2504
2504
2507
2511
2508
2507
2508
2519
2515
2515
2512
2511
2512
2516
2511
2508
2512
2516
2515
2519
2515
2512
2511
2512
2512
2512
2511
2507
2512
2512
2511
2507
2503
2504
2504
2508
2503
2496
2495
2496
2499
2499
2495
2488
2484
2484
2480
2483
2480
2483
2480
2476
2472
2476
2475
2467
2463
2460
2456
2451
2447
2440
2436
2435
2431
2431
2424
2420
2419
2423
2427
2427
2427
2435
2444
2440
2448
2459
2468
2480
2487
2495
2504
2515
2527
2535
2547
2548
2555
2564
2571
2576
2579
2584
2587
2591
2592
2595
2596
2595
2588
2587
2588
2587
2576
2563
2556
2551
2540
2532
2520
2508
2496
2484
2467
2451
2439
2435
2423
2415
2403
2387
2364
2335
2304
2280
2255
2240
2239
2248
2272
2296
2320
2340
2351
2360
2384
2403
2404
2412
2415
2415
2416
2435
2456
2488
2519
2540
2556
2572
2587
2595
2603
2608
2608
2615
2616
2616
2616
2616
2616
2615
2611
2603
2604
2599
2592
2591
2584
2575
2567
2567
2567
2560
2555
2551
2547
2543
2535
2535
2527
2520
2516
2507
2500
2488
2487
2483
2479
2476
2468
2468
2468
2467
2467
2463
2463
2460
2463
2460
2464
2460
2460
2463
2464
2468
2471
2472
2472
2468
2471
2475
2480
2476
2476
2472
2472
2475
2480
2480
2475
2471
2475
2476
2471
2464
2467
2468
2471
2464
2460
2455
2455
2456
2456
2455
2452
2455
2463
2464
2463
2463
2468
2475
2479
2479
2484
2484
2488
2492
2492
2495
2496
2504
2511
2512
2515
2520
2528
2531
2531
2528
2536
2539
2535
2535
2539
2544
2544
2551
2547
2548
2552
2552
2548
2547
2540
2544
2540
2535
2531
2524
2523
2519
2516
2511
2504
2503
2499
2500
2492
2491
2488
2483
2476
2476
2479
2480
2480
2476
2479
2475
2480
2476
2475
2476
2475
2475
2471
2471
2467
2464
2464
2468
2464
2467
2463
2460
2464
2464
2468
2467
2468
2471
2468
2471
2471
2468
2472
2471
2472
2468
2472
2479
2479
2476
2475
2476
2480
2479
2479
2483
2480
2483
2484
2487
2487
2483
2488
2488
2492
2496
2495
2495
2492
2491
2488
2488
2488
2495
2488
2487
2487
2491
2492
2492
2491
2499
2504
2507
2503
2500
2508
2512
2512
2511
2511
2511
2511
2512
2512
2508
2507
2511
2519
2523
2520
2524
2532
2544
2539
2539
2543
2547
2547
2544
2547
2556
2563
2575
2568
2556
2547
2539
2531
2531
2524
2511
2480
2451
2435
2419
2404
2372
2320
2272
2236
2199
2164
2140
2131
2152
2184
2235
2287
2343
2384
2412
2439
2483
2535
2584
2624
2656
2648
2615
2595
2580
2560
2547
2531
2520
2512
2511
2507
2507
2507
2508
2511
2515
2515
2512
2508
2507
2495
2496
2496
2492
2495
2500
2507
2508
2508
2507
2504
2503
2492
2487
2488
2488
2488
2492
2503
2515
2519
2528
2536
2543
2544
2547
2548
2543
2536
2532
2532
2532
2524
2520
2523
2519
2512
2511
2508
2507
2500
2496
2492
2492
2495
2492
2491
2484
2488
2483
2484
2488
2492
2487
2480
2480
2483
2480
2484
2479
2476
2483
2483
2479
2480
2480
2476
2472
2476
2480
2487
2484
2488
2492
2499
2503
2504
2511
2512
2515
2519
2519
2523
2520
2516
2512
2512
2508
2508
2508
2504
2500
2500
2496
2496
2496
2488
2483
2484
2487
2491
2491
2488
2488
2487
2484
2484
2487
2484
2484
2484
2483
2487
2483
2488
2488
2492
2491
2499
2507
2507
2512
2515
2520
2523
2524
2528
2531
2532
2532
2523
2515
2512
2511
2507
2499
2495
2483
2475
2467
2456
2447
2443
2436
2439
2436
2432
2427
2419
2408
2403
2392
2391
2396
2404
2415
2424
2440
2459
2471
2480
2479
2475
2472
2464
2460
2455
2439
2424
2415
2412
2407
2404
2404
2404
2399
2403
2411
2419
2419
2424
2440
2459
2468
2480
2503
2515
2527
2536
2547
2556
2572
2580
2583
2587
2591
2595
2595
2596
2596
2592
2587
2579
2576
2572
2564
2555
2544
2536
2531
2523
2516
2516
2516
2515
2512
2519
2524
2523
2519
2519
2520
2523
2519
2516
2504
2496
2499
2495
2487
2480
2475
2471
2471
2468
2464
2460
2463
2463
2455
2448
2448
2448
2444
2444
2447
2448
2451
2451
2456
2460
2468
2475
2479
2480
2483
2488
2496
2499
2504
2508
2508
2516
2523
2527
2532
2531
2535
2540
2543
2539
2540
2543
2540
2535
2531
2531
2536
2536
2535
2532
2532
2531
2528
2527
2524
2523
2519
2515
2512
2512
2508
2504
2504
2503
2500
2492
2488
2492
2492
2480
2487
2492
2495
2488
2495
2495
2496
2500
2503
2500
2500
2500
2504
2503
2503
2504
2508
2511
2512
2504
2507
2511
2515
2516
2515
2512
2508
2507
2507
2503
2500
2503
2503
2500
2503
2504
2507
2504
2504
2499
2500
2495
2491
2480
2472
2468
2463
2455
2443
2427
2419
2412
2404
2395
2387
2383
2379
2376
2379
2380
2375
2371
2376
2383
2391
2403
2408
2415
2427
2443
2451
2456
2464
2476
2492
2496
2504
2516
2527
2532
2536
2548
2556
2560
2563
2567
2576
2575
2572
2576
2579
2579
2584
2588
2584
2579
2576
2579
2580
2572
2568
2563
2556
2544
2532
2519
2516
2503
2492
2476
2467
2460
2455
2451
2448
2447
2444
2444
2448
2448
2447
2455
2460
2468
2468
2468
2475
2476
2483
2488
2488
2488
2492
2499
2504
2504
2503
2503
2504
2500
2499
2495
2495
2492
2487
2479
2471
2468
2468
2460
2448
2448
2443
2436
2428
2423
2412
2404
2395
2380
2375
2371
2368
2360
2351
2335
2328
2320
2312
2308
2307
2304
2307
2311
2323
2324
2324
2324
2328
2335
2335
2336
2339
2340
2347
2351
2359
2368
2380
2391
2400
2420
2435
2440
2448
2468
2491
2512
2523
2555
2591
2620
2647
2672
2696
2716
2732
2747
2755
2760
2764
2768
2771
2764
2756
2751
2743
2732
2724
2711
2696
2688
2680
2668
2652
2636
2620
2604
2588
2572
2559
2544
2531
2520
2507
2500
2492
2488
2487
2487
2483
2479
2480
2492
2492
2495
2499
2503
2507
2512
2511
2520
2523
2531
2532
2532
2532
2532
2539
2539
2543
2540
2532
2536
2540
2543
2536
2532
2524
2528
2520
2512
2508
2511
2508
2500
2492
2484
2479
2475
2468
2463
2460
2448
2444
2439
2431
2424
2412
2408
2400
2396
2388
2383
2379
2375
2372
2371
2372
2375
2379
2383
2387
2391
2399
2403
2411
2419
2427
2435
2443
2447
2455
2464
2476
2487
2495
2503
2512
2516
2527
2532
2543
2544
2552
2556
2560
2555
2559
2563
2567
2563
2560
2556
2556
2552
2551
2544
2536
2531
2524
2519
2516
2512
2508
2500
2495
2491
2484
2483
2480
2475
2471
2468
2468
2463
2452
2444
2443
2439
2428
2423
2416
2407
2404
2403
2400
2396
2396
2400
2399
2396
2396
2395
2396
2400
2396
2391
2383
2379
2380
2387
2395
2404
2412
2419
2427
2436
2448
2455
2455
2467
2480
2487
2496
2507
2527
2543
2556
2563
2571
2572
2579
2584
2587
2587
2583
2580
2576
2571
2564
2556
2551
2543
2536
2535
2528
2523
2512
2511
2503
2499
2492
2483
2479
2472
2467
2463
2463
2464
2467
2467
2468
2471
2472
2471
2472
2479
2479
2475
2479
2483
2484
2488
2495
2503
2511
2512
2516
2520
2528
2535
2531
2524
2523
2523
2524
2516
2511
2504
2492
2488
2484
2479
2471
2468
2463
2455
2448
2444
2444
2443
2440
2440
2435
2435
2439
2440
2440
2444
2452
2460
2471
2472
2479
2484
2488
2495
2496
2499
2496
2492
2495
2492
2492
2488
2487
2483
2480
2484
2484
2491
2492
2496
2500
2507
2511
2516
2516
2531
2539
2544
2547
2552
2560
2571
2579
2588
2595
2600
2608
2611
2611
2620
2627
2624
2632
2640
2639
2640
2640
2636
2635
2631
2628
2624
2615
2600
2584
2575
2563
2552
2528
2512
2503
2488
2480
2483
2479
2472
2455
2431
2391
2364
2352
2324
2299
2272
2248
2235
2219
2211
2208
2216
2236
2268
2304
2340
2364
2375
2368
2359
2335
2312
2320
2348
2380
2395
2400
2419
2419
2411
2400
2403
2403
2411
2427
2448
2479
2503
2520
2544
2564
2584
2595
2604
2619
2619
2627
2624
2623
2620
2619
2612
2608
2608
2615
2620
2619
2620
2616
2608
2600
2600
2596
2591
2583
2576
2575
2563
2544
2528
2523
2512
2500
2488
2472
2463
2460
2459
2459
2459
2456
2455
2459
2455
2451
2456
2459
2459
2452
2452
2455
2455
2456
2460
2463
2468
2475
2480
2484
2484
2480
2487
2492
2499
2499
2492
2492
2503
2507
2507
2508
2512
2519
2516
2516
2520
2523
2523
2523
2523
2523
2519
2519
2520
2519
2511
2508
2511
2508
2504
2507
2504
2496
2492
2491
2495
2491
2488
2488
2487
2487
2484
2487
2480
2468
2460
2456
2459
2452
2444
2443
2440
2447
2444
2448
2448
2456
2464
2468
2476
2487
2492
2500
2500
2503
2507
2515
2516
2519
2519
2523
2528
2532
2531
2532
2536
2539
2532
2532
2527
2524
2515
2508
2499
2484
2476
2468
2459
2448
2435
2423
2404
2400
2395
2388
2391
2391
2395
2395
2399
2403
2403
2404
2408
2419
2427
2427
2427
2427
2424
2419
2416
2415
2408
2404
2396
2388
2383
2384
2388
2403
2423
2444
2472
2500
2524
2551
2568
2587
2591
2595
2600
2603
2604
2611
2608
2611
2615
2623
2635
2656
2683
2696
2691
2648
2587
2527
2499
2496
2507
2512
2503
2524
2587
2640
2644
2608
2572
2492
2411
2351
2344
2372
2395
2411
2423
2440
2471
2507
2531
2531
2523
2504
2483
2467
2448
2440
2432
2427
2423
2412
2407
2404
2395
2391
2391
2388
2387
2396
2403
2415
2431
2448
2468
2488
2507
2531
2555
2564
2564
2579
2591
2604
2604
2604
2596
2584
2583
2583
2572
2563
2548
2547
2540
2532
2524
2516
2515
2508
2499
2496
2495
2488
2483
2484
2492
2495
2496
2512
2528
2543
2551
2559
2571
2588
2607
2624
2644
2648
2659
2660
2667
2672
2672
2676
2675
2663
2651
2640
2627
2580
2512
2448
2431
2435
2375
2203
2128
2148
2172
2096
1988
1976
2272
2544
2612
2540
2416
2331
2308
2312
2292
2268
2244
2228
2208
2195
2188
2192
2199
2212
2228
2256
2288
2324
2364
2408
2440
2464
2488
2508
2531
2535
2539
2548
2567
2580
2588
2591
2588
2579
2552
2524
2487
2464
2451
2440
2444
2452
2460
2483
2499
2511
2523
2527
2524
2527
2528
2531
2532
2543
2555
2567
2575
2587
2607
2627
2640
2656
2672
2688
2699
2703
2700
2695
2695
2688
2679
2664
2652
2635
2612
2591
2576
2572
2572
2583
2596
2600
2595
2583
2560
2527
2487
2451
2424
2400
2375
2367
2376
2383
2395
2408
2423
2440
2464
2484
2500
2520
2539
2555
2560
2571
2576
2579
2576
2576
2564
2547
2531
2515
2496
2480
2464
2455
2448
2444
2439
2439
2439
2435
2436
2431
2424
2423
2427
2436
2435
2439
2435
2432
2423
2416
2404
2388
2384
2375
2368
2372
2376
2383
2383
2383
2384
2384
2387
2387
2384
2379
2379
2383
2396
2411
2431
2444
2464
2484
2499
2511
2520
2520
2516
2508
2503
2507
2511
2516
2523
2532
2551
2564
2579
2591
2600
2612
2623
2627
2623
2616
2612
2607
2604
2599
2576
2559
2540
2524
2507
2491
2475
2463
2459
2460
2464
2476
2495
2515
2524
2511
2500
2504
2503
2483
2464
2448
2431
2415
2408
2399
2380
2356
2351
2360
2371
2388
2408
2436
2464
2504
2540
2568
2595
2611
2619
2619
2603
2576
2535
2492
2464
2440
2423
2408
2404
2400
2396
2400
2408
2416
2435
2451
2460
2467
2471
2479
2499
2516
2528
2543
2555
2563
2567
2572
2583
2588
2595
2596
2600
2603
2604
2604
2603
2600
2599
2599
2600
2603
2600
2595
2584
2583
2576
2572
2564
2556
2543
2523
2504
2500
2491
2475
2456
2439
2423
2400
2379
2347
2328
2311
2288
2280
2292
2316
2352
2375
2399
2399
2367
2320
2279
2260
2275
2316
2359
2400
2432
2455
2472
2491
2508
2527
2543
2551
2563
2580
2599
2616
2639
2652
2660
2660
2656
2652
2652
2647
2636
2635
2632
2639
2636
2636
2643
2647
2643
2636
2639
2635
2623
2611
2595
2579
2548
2524
2492
2459
2443
2404
2372
2339
2304
2268
2252
2243
2239
2232
2227
2224
2235
2252
2268
2283
2299
2324
2352
2380
2411
2444
2480
2512
2531
2547
2560
2576
2576
2576
2572
2571
2567
2572
2583
2580
2571
2560
2563
2572
2583
2571
2515
2451
2411
2399
2408
2435
2463
2484
2488
2491
2487
2496
2515
2536
2571
2584
2583
2551
2484
2396
2307
2244
2227
2256
2351
2480
2595
2684
2764
2808
2828
2784
2819
2880
2959
2839
2500
2187
2111
2128
2187
2139
1911
2156
2708
2780
2620
2519
2592
2763
2900
2859
2755
2659
2592
2539
2504
2456
2408
2360
2336
2311
2308
2319
2312
2292
2279
2268
2251
2247
2276
2324
2384
2447
2511
2560
2588
2612
2639
2659
2667
2668
2675
2691
2691
2672
2640
2583
2503
2419
2376
2379
2400
2412
2408
2427
2451
2439
2392
2367
2364
2415
2487
2527
2507
2431
2468
2632
2684
2404
2296
2292
2348
2363
2400
2631
2659
2487
2456
2531
2592
2568
2580
2631
2715
2760
2687
2599
2511
2471
2444
2419
2400
2391
2396
2416
2439
2455
2471
2484
2499
2511
2523
2528
2531
2536
2536
2528
2519
2511
2500
2488
2468
2440
2407
2364
2331
2303
2284
2276
2271
2272
2275
2275
2283
2311
2351
2396
2424
2432
2435
2415
2383
2351
2348
2376
2407
2444
2464
2448
2431
2463
2544
2639
2724
2779
2803
2863
2915
2827
2600
2392
2095
2087
2408
2308
1823
1400
1287
1216
1523
1636
1331
1448
2120
2708
2892
2911
2971
3043
3091
3096
3119
3172
3191
3179
3148
3112
3072
3044
3023
2995
2972
2952
2943
2928
2911
2891
2872
2839
2796
2743
2692
2636
2591
2571
2572
2604
2640
2668
2631
2315
2043
1868
1964
2112
2136
2076
2016
2087
2260
2395
2375
2283
2335
2543
2608
2539
2499
2568
2667
2748
2811
2827
2844
2848
2848
2820
2772
2727
2688
2660
2631
2604
2579
2536
2484
2444
2403
2352
2303
2272
2247
2228
2208
2180
2148
2119
2116
2124
2136
2164
2195
2224
2255
2271
2275
2271
2279
2304
2344
2387
2411
2440
2476
2516
2552
2584
2607
2624
2632
2624
2612
2600
2592
2583
2579
2580
2592
2603
2612
2619
2619
2611
2607
2612
2635
2659
2672
2699
2731
2748
2775
2811
2864
2912
2952
2955
2939
2916
2895
2819
2731
2780
2836
2680
2567
2575
2736
2708
2647
2604
2619
2620
2556
2444
2428
2515
2691
2696
2620
2527
2436
2471
2527
2551
2523
2367
2160
2043
1984
1947
1947
1951
1943
1884
1804
1759
1755
1784
1824
1844
1863
1923
2000
2080
2147
2195
2220
2231
2220
2207
2195
2215
2271
2332
2384
2443
2567
2668
2727
2716
2635
2623
2639
2648
2767
2856
2907
3004
3000
2820
2536
2340
2292
2287
2272
2203
2119
2099
2160
2264
2356
2492
2547
2572
2651
2791
2883
2919
2995
3039
3019
3007
3008
2996
2996
2979
2947
2896
2856
2832
2783
2672
2527
2439
2516
2535
2532
2571
2532
2507
2523
2560
2612
2691
2715
2599
2391
2196
2007
1776
1520
1471
1611
1872
2103
2164
2211
2208
2120
2168
2328
2731
2775
2531
2455
2316
1819
1635
2140
2308
2164
1955
2347
2487
2392
2412
2656
2895
2924
2823
2655
2568
2584
2636
2683
2720
2748
2748
2740
2720
2699
2672
2660
2679
2739
2848
2904
2884
2831
2771
2723
2704
2692
2671
2611
2511
2447
2267
2008
1752
1620
1672
1776
1872
2052
2343
2648
2747
2716
2656
2543
2460
2335
2236
2232
2360
2575
2760
2863
2864
2803
2728
2700
2687
2699
2764
2839
2856
2836
2828
2848
2859
2803
2676
2548
2460
2395
2340
2311
2267
2220
2196
2195
2207
2228
2240
2252
2259
2256
2239
2208
2176
2151
2132
2132
2140
2147
2148
2163
2191
2243
2311
2391
2480
2568
2663
2747
2815
2860
2895
2912
2916
2919
2932
2936
2923
2895
2875
2840
2792
2735
2672
2612
2552
2507
2492
2495
2504
2524
2559
2612
2671
2712
2756
2811
2820
2827
2819
2472
2016
2332
2467
2231
1995
2044
2168
2232
2227
2199
2255
2388
2551
2524
2364
2327
2371
2448
2491
2463
2487
2588
2656
2663
2591
2519
2535
2620
2660
2644
2623
2608
2607
2599
2620
2652
2700
2739
2748
2763
2751
2703
2684
2696
2644
2520
2396
2359
2420
2428
2428
2436
2447
2471
2512
2651
2731
2688
2679
2640
2524
2424
2511
2560
2519
2427
2392
2444
2367
2339
2451
2679
2816
2795
2743
2672
2548
2320
2056
1704
1592
1723
1915
2003
2116
2360
2443
2444
2403
2379
2411
2508
2603
2656
2683
2692
2691
2711
2755
2796
2807
2803
2751
2647
2547
2471
2403
2399
2463
2567
2619
2379
1844
1528
1515
1659
1920
2244
2367
2299
2279
2300
2367
2500
2512
2400
2331
2419
2579
2668
2704
2724
2723
2772
2804
2831
2828
2764
2632
2508
2432
2476
2495
2408
2483
2524
2584
2732
2791
2828
2816
2772
2732
2756
2680
2603
2500
2495
2516
2643
2779
2720
2611
2487
2344
2231
2175
2159
2172
2180
2179
2159
2155
2219
2383
2607
2707
2655
2599
2587
2639
2684
2744
2775
2719
2644
2612
2587
2563
2555
2551
2539
2523
2508
2487
2472
2460
2459
2467
2463
2459
2455
2448
2432
2427
2428
2440
2455
2416
2355
2291
2228
2160
2076
2020
2023
2035
2036
2060
2132
2152
2228
2251
2463
2647
2272
3191
3632
3304
3024
3180
3300
3091
2783
2575
2616
2568
2431
2328
2243
2271
2476
2747
2819
2720
2652
2619
2572
2451
2327
2275
2280
2299
2307
2339
2332
2300
2288
2319
2379
2439
2496
2547
2583
2599
2599
2583
2563
2524
2475
2431
2392
2351
2300
2264
2228
2155
2123
2132
2192
2216
2183
2159
2408
2511
2308
2184
2235
2539
2528
2307
2556
2683
2532
2463
2507
2568
2595
2592
2536
2575
2636
2655
2651
2635
2608
2628
2611
2596
2628
2668
2719
2719
2748
2827
2855
2847
2823
2815
2823
2819
2760
2644
2551
2491
2475
2508
2572
2636
2659
2563
2400
2264
2064
1811
1888
2575
2455
2083
2724
3215
3243
2920
2787
2667
2403
2415
2448
2392
2444
2484
2267
2052
1832
1908
2039
2299
2411
2295
2224
2208
2219
2196
2140
2183
2303
2359
2359
2331
2280
2204
2191
2207
2243
2291
2340
2379
2392
2408
2447
2476
2488
2472
2452
2440
2448
2476
2507
2535
2568
2603
2635
2667
2680
2691
2687
2679
2664
2643
2628
2620
2623
2616
2616
2612
2608
2607
2604
2596
2584
2572
2568
2571
2579
2588
2595
2595
2603
2604
2608
2620
2640
2684
2744
2803
2840
2831
2816
2864
2864
2699
2232
1843
2116
2287
2395
3028
2831
2516
2776
2972
2839
2788
2751
2692
2659
2664
2671
2632
2595
2600
2704
2711
2716
2692
2568
2400
2275
2067
2144
2392
2512
2471
2288
2048
1832
1728
1687
1667
1887
2216
2008
1583
1987
2536
2804
2739
2384
2187
2056
2304
2483
2359
2056
2052
2252
2411
2364
2283
2403
2660
2735
2687
2643
2580
2568
2576
2607
2656
2708
2659
2576
2499
2336
2216
2324
2495
2576
2580
2528
2548
2615
2692
2744
2792
2811
2791
2800
2827
2872
2895
2875
2847
2844
2868
2864
2836
2787
2727
2688
2676
2664
2628
2560
2548
2579
2556
2515
2400
2232
2015
2015
2243
2188
1779
1575
2131
2364
2651
2652
2372
2647
2839
2520
2360
2512
2512
2327
2232
2271
2320
2340
2272
2180
2095
2079
2148
2283
2343
2235
2212
2348
2500
2628
2636
2596
2612
2640
2664
2660
2612
2492
2348
2243
2331
2707
3055
3140
3079
3008
2976
2951
2916
2884
2859
2783
2699
2535
2303
2167
2212
2256
2215
2168
2136
2031
1919
1875
1959
2040
2264
2435
2527
2552
2524
2463
2391
2347
2352
2359
2360
2396
2452
2532
2595
2612
2627
2675
2699
2692
2700
2731
2772
2819
2847
2800
2547
2304
2375
2435
2300
2103
1964
2088
2176
2155
2096
2183
2243
2147
2052
2016
2099
2192
2283
2400
2564
2739
2836
2927
2963
2944
2855
2808
2812
2872
2976
3076
3100
3064
2956
2848
2803
2796
2811
2815
2787
2724
2647
2571
2495
2435
2388
2340
2211
1999
1984
2276
2564
2679
2752
2803
2811
2839
2888
2915
2864
2768
2676
2655
2675
2647
2519
2351
2208
2124
2035
1888
2187
2548
2612
2607
2460
2255
2096
1927
1628
1560
1731
1771
1832
1987
2155
2191
2052
2039
2619
3211
3263
3023
2660
2471
2804
2775
2599
2407
2243
1860
1448
1692
2304
2567
2404
2800
3003
2936
2943
2704
2624
2792
2859
2864
2832
2763
2739
2783
2755
2648
2588
2547
2471
2427
2475
2515
2455
2387
2359
2380
2399
2396
2403
2416
2400
2380
2364
2375
2392
2395
2400
2468
2587
2668
2687
2659
2619
2591
2579
2579
2571
2551
2548
2547
2480
2327
2159
2316
2623
2728
2708
2659
2503
2420
2660
2755
2515
2400
2384
2460
2475
2463
2468
2551
2703
2779
2876
2888
2876
2860
2851
2823
2804
2800
2811
2835
2836
2752
2732
2759
2448
1784
2156
2216
1656
1720
2187
2215
2356
2483
2464
2656
2607
2359
2243
2319
2395
2436
2295
2200
2224
2296
2356
2352
2439
2572
2556
2412
2368
2435
2471
2512
2595
2683
2775
2859
2911
3015
3047
2995
2979
3031
3055
2983
2675
2352
2628
2776
2423
2447
2359
1840
2088
2444
2400
2083
2351
2236
1948
2119
2467
2496
2680
2871
2800
2747
2732
2703
2608
2435
2335
2335
2307
2192
2248
2352
2208
1968
2303
2443
2252
2251
2019
1820
2108
2296
2272
2196
2064
2000
1943
1876
1872
1847
1859
1960
2031
2032
2016
2067
2104
2071
2095
2223
2312
2380
2428
2436
2412
2379
2356
2360
2387
2412
2444
2488
2528
2580
2644
2704
2760
2792
2779
2751
2735
2679
2591
2484
2395
2327
2307
2279
2232
2327
2635
2919
3091
3167
3176
3152
3087
3051
3008
2939
2859
2804
2831
2820
2776
2739
2719
2723
2796
2903
3019
3132
3155
3123
3096
2940
2652
2448
2439
2503
2547
2643
2732
2747
2775
2803
2723
2287
1984
2096
2112
1879
1611
1547
1700
1808
2172
2167
1931
2424
2760
2644
2431
2451
2464
2435
2284
2147
2000
1931
1868
1940
2344
2548
2664
2715
2823
2671
2327
2196
2288
2495
2467
2199
2192
2248
2271
2351
2611
2771
2796
2720
2675
2703
2752
2795
2748
2691
2531
2403
2315
2360
2788
2420
2072
2680
3103
3123
2911
2300
2019
2360
2623
2679
2676
2727
2823
3012
3036
2944
2760
2684
2727
2736
2608
2483
2400
2391
2420
2436
2500
2528
2527
2564
2604
2612
2607
2596
2600
2620
2628
2611
2576
2528
2507
2523
2527
2491
2440
2419
2424
2444
2483
2519
2520
2504
2479
2467
2471
2488
2499
2496
2475
2460
2476
2535
2587
2675
2711
2815
2875
2868
2832
3040
3235
3116
2179
1919
2472
1976
2844
2779
2587
2540
2319
2243
2139
1767
1724
1639
1587
1796
1768
1883
2224
2500
2368
2215
2607
2920
2768
2431
2592
3008
3140
2863
2655
2647
2787
2804
2780
2796
2803
2752
2639
2523
2424
2395
2311
2279
2352
2432
2455
2471
2511
2527
2532
2523
2624
2759
2816
2787
2600
2227
2104
2316
2512
2691
2700
2487
2331
2355
2400
2259
2268
2255
2035
1824
1855
2052
2180
2220
2272
2344
2376
2403
2412
2412
2428
2444
2456
2476
2471
2464
2483
2475
2376
2180
2083
1991
2067
2180
2304
2367
2659
3032
2956
2656
2411
2316
2332
2380
2479
2576
2844
3228
3264
3063
2808
2691
2876
3180
3079
2780
2476
2188
2140
2180
2232
2288
2387
2340
2240
2268
2403
2375
2328
2655
3168
3100
2927
2800
2683
2619
2560
2543
2568
2627
2671
2656
2628
2595
2576
2536
2491
2444
2371
2271
2199
2200
2247
2280
2272
2288
2407
2520
2447
2267
2267
2411
2188
2152
2927
3196
2943
2724
2864
2923
2907
2879
2856
2644
2400
2380
2319
1984
2283
2864
2983
2676
2388
2243
2248
2280
2323
2264
2240
2344
2483
2540
2512
2516
2636
2759
2516
2200
2143
2291
2344
2328
2371
2400
2400
2391
2364
2327
2367
2472
2512
2483
2391
2332
2387
2412
2612
2684
2455
2371
2459
2628
2548
2388
2540
2539
2540
2803
2688
2580
2679
2736
2660
2612
2436
2275
2152
2036
1972
1944
1979
2016
2011
1991
1964
2016
2159
2287
2232
2024
2020
2280
2512
2479
2379
2316
2315
2388
2443
2396
2320
2247
2212
2240
2280
2351
2388
2428
2471
2519
2571
2599
2620
2655
2696
2727
2740
2771
2787
2808
2832
2859
2868
2867
2863
2859
2852
2839
2816
2767
2703
2624
2528
2491
2492
2496
2435
2332
2203
2131
2236
2288
2328
2404
2392
2328
2207
2251
2479
2615
2455
2492
2567
2812
2912
2904
3135
3136
2940
2316
2592
3232
3252
3100
3019
2948
2828
2748
2692
2579
2508
2556
2531
2324
2084
1839
1871
1943
1856
1828
1756
1655
1480
1467
1675
1783
2056
2240
2203
2052
1912
2251
2880
3023
2959
2928
2940
2896
2648
2188
2931
3647
3356
2999
2936
2972
3016
2872
2632
2636
2980
2859
2607
2520
2595
2703
2687
2511
2335
2308
2236
2007
1671
1631
1743
2132
2611
2955
2987
2911
2991
3007
2788
2572
2584
2695
2732
2751
2671
2488
2368
2591
2556
2248
2503
2707
2936
3272
3203
3079
2887
3140
3155
2868
2652
2631
2815
2871
2499
2283
2247
1911
1523
1455
1083
1287
1495
1660
1788
1875
2027
2012
2064
2003
1768
1744
1759
1736
1796
1908
1767
1320
1244
1508
2264
2715
2756
2644
2519
2728
3128
3259
2895
2284
2167
2284
2783
2872
2931
2780
2512
2495
2784
3060
3055
3340
3303
3180
3151
3112
3104
2999
2959
2939
2880
2724
2480
2323
2223
2383
2919
2911
2292
2067
2416
2495
2292
2299
2579
2740
2708
2719
2704
2572
2531
2624
2755
2756
2627
2419
2287
2156
2104
2252
2380
2551
2659
2567
2492
2412
2392
2384
2312
2299
2347
2396
2420
2355
2255
2311
2547
2743
2775
2708
2568
2415
2239
2127
2159
2119
2228
2451
2523
2139
1943
1832
2003
2080
2168
2263
2544
2819
2524
2716
3223
3355
3411
3339
3275
3143
3016
2896
2816
2768
2752
2715
2628
2499
2423
2476
2416
2376
2647
2880
2880
2795
2727
2699
2824
2780
2512
2344
2140
1791
3048
2327
1812
2187
2220
2295
2699
2551
2312
2195
1967
1804
2079
2215
2204
2220
2244
2456
2764
2903
2856
2628
2480
2595
2787
2844
2851
2736
2667
2644
2619
2535
2447
2491
2527
2555
2644
2743
2776
2815
2780
2700
2644
2576
2544
2580
2663
2667
2619
2576
2599
2612
2595
2547
2487
2416
2352
2444
2380
2135
1820
1744
2203
2715
2707
2263
2060
2371
2327
1752
1620
2192
2127
1859
2636
2908
2631
2075
1976
2084
1955
1960
1964
1856
2000
2303
2403
2391
2420
2764
3023
3032
3304
3079
2995
2991
2943
3063
3063
2943
2876
3135
3212
3076
2916
3027
2955
2583
2976
2568
2400
2588
2359
2048
2080
2287
2139
2064
2112
2012
2040
2108
2091
2035
1876
2051
2415
2603
2939
3087
3027
2843
2659
2563
2524
2507
2500
2495
2499
2511
2535
2576
2624
2672
2727
2776
2820
2851
2844
2800
2687
2496
2471
2527
2411
1811
1684
2700
3048
2935
2636
2840
2980
2948
2744
2488
2403
1960
1959
2116
2303
2455
2324
2039
1924
2067
2371
2211
2048
1948
1963
1795
2007
2475
2496
2108
2052
2207
2463
2539
2531
2715
2868
2916
2919
2888
2904
3068
2916
2463
2163
2247
2203
2179
2383
2539
2576
2496
2447
2135
2076
2424
2632
2000
1652
1700
1931
2312
2564
2355
2124
2140
2276
2591
2880
2904
2727
2564
2504
2479
2516
2711
2808
2663
2615
2604
2631
2643
2536
2487
2484
2523
2564
2607
2580
2471
2360
2320
2280
2304
2328
2224
1996
1952
2344
2792
2844
2540
2608
3144
3043
2688
2603
2604
2412
2084
2380
2467
2320
2096
2364
2440
2260
2016
1296
1607
2612
2787
3048
3084
2880
2072
2267
2711
2616
2419
2511
2436
2727
3307
3164
2743
2792
2732
2207
2079
2299
2468
2608
2719
2620
2543
2536
2543
2571
2623
2692
2716
2687
2552
2384
2259
2272
2327
2383
2408
2415
2375
2356
2408
2519
2555
2591
2559
2387
2280
2324
2328
2216
2064
2131
2208
2336
2560
2895
3004
2907
2935
3063
3087
3047
3023
3091
2992
2788
2600
2828
2739
2524
2383
2443
2524
2644
2851
3247
3007
2812
2755
2519
2212
1991
1792
1728
1847
1972
1983
1844
1820
1964
2427
2624
2272
1711
2027
2535
1896
2187
2316
1799
1679
2123
2232
2219
2267
2439
1695
2603
3099
2619
3163
3544
3624
3359
3200
3155
3100
3024
2944
2827
2588
2720
3148
3127
2667
2560
2719
2643
2672
2764
2680
2544
2444
2492
2583
2379
2147
2127
2276
2248
2103
2000
2023
2287
2643
2520
2447
2987
3136
2987
2664
2967
2787
2576
2548
2443
2248
1960
2348
2939
2832
2544
2544
2452
2220
2151
1932
1516
1499
1880
2028
1987
1868
1887
2044
2287
2407
2151
1843
1912
2200
2324
2436
2627
2803
3032
3096
3116
3239
3347
3348
3283
3195
3068
2820
2596
2516
2503
2304
1780
1763
2196
2560
2459
2195
1791
1820
2115
2399
2635
2912
2636
2855
2936
2767
2984
3159
2980
2827
2868
2924
2936
2928
2904
2855
2847
2876
2900
2876
2776
2660
2483
2351
2811
3035
2935
2384
2219
1743
1043
0560
0563
0595
0655
0752
0872
1028
1484
1936
2147
2275
2796
3312
3640
3747
3603
3084
2691
2652
2740
2712
2664
2628
2639
2719
2832
2896
2923
2912
2859
2787
2739
2639
2596
2588
2576
2551
2551
2516
2599
2579
2408
2252
2259
2296
2388
2456
2524
2612
2648
2632
2688
2507
2188
2124
2236
2400
2496
2592
2900
3095
3099
3072
3099
3156
3131
3076
2960
2919
2908
2684
2199
2084
2548
2780
2612
2200
1571
1712
2300
2099
1851
1835
2023
1964
2340
3067
2928
2835
2635
2523
2475
2975
2764
2860
3008
3080
3056
3048
3127
3132
3043
2931
2776
2344
2268
2535
2571
2476
2775
2912
2895
2851
1983
1871
1880
1951
2064
2272
2499
2948
2812
1872
1636
2483
2295
1176
1415
1728
2243
2712
2368
2340
2263
1948
1108
1207
1920
2459
2879
3164
2871
3079
3399
3263
2936
2364
1988
1839
1831
1691
1487
1431
1464
2104
2371
2123
2684
2592
2348
1948
1483
1744
2339
1888
1104
1080
1508
1619
1927
1524
1295
1479
1544
1199
1435
2504
2755
2243
2187
2636
2692
2495
2420
2528
2475
2328
2644
2764
2704
2879
3071
3380
3703
3355
2984
2923
3080
3128
3064
3343
3496
3312
3484
3700
3635
3624
3560
3308
2875
2395
2348
2136
1867
0939
0924
1267
2160
2508
2523
2500
2916
3251
3168
3179
3496
3715
3824
3763
3627
3524
3495
3576
3632
3484
3183
3127
3364
3336
3272
3236
3227
2943
2732
2735
2424
2176
2271
2663
1448
1428
1792
2143
2603
2235
2252
2468
2891
2519
2751
2923
2879
2927
2859
2271
1919
2008
2208
1912
1560
1391
0679
0551
0624
1203
1327
1471
1604
1952
2136
2236
2323
2376
2368
2248
2160
2403
2704
2788
2731
2712
2559
2348
2407
2911
3203
3276
3256
3144
3067
3043
3096
3168
3268
3288
3239
3208
3239
3308
3335
3235
3039
2760
2444
2907
3127
2672
2111
2144
1656
1395
1359
1251
1048
1727
1592
1428
2071
2131
2648
2747
2567
3099
3195
3072
2820
2884
2964
2860
2487
2164
2076
2156
2311
2448
2472
2448
2524
2488
2232
1916
1923
1992
1968
2024
2203
2163
2407
2671
2447
2160
2127
2223
2304
2480
2715
3012
3100
2795
2479
2223
1715
1539
1636
2028
2523
2680
2688
2779
2676
2364
2252
2235
1360
0679
2907
3624
4007
3779
3067
3156
3159
3095
3411
3468
3603
3483
2724
1455
1512
1756
1984
1827
1572
1411
1296
2036
2460
2255
2116
2524
2452
1967
1372
0795
0800
1331
1903
2156
2124
2116
1595
1340
1463
1739
3328
4095
4095
4095
3991
2923
2399
2184
2075
2288
2331
2008
1999
2228
2403
2643
3039
2352
2347
2812
2771
2067
1539
1559
1855
1968
2475
2483
2271
1891
1999
2259
2000
1504
1879
2095
2459
3363
3480
3379
2932
2748
2368
1616
1951
2923
2707
3163
3720
4095
3491
1904
2860
2804
2543
2791
3223
2919
2671
2328
2047
2236
2219
2091
1988
1868
2040
2380
2828
2843
2656
2096
2976
3895
3291
3539
3536
2872
3504
4095
3023
2139
2463
2820
3216
3019
2583
3131
3731
3300
2140
2212
3863
3472
3627
3955
3780
3512
3455
3524
3572
2175
0443
2404
1080
0888
0556
0571
1887
2396
1275
2392
2787
2760
2176
1423
1472
1539
1860
2568
2760
2675
2543
2343
2355
2568
2764
3028
3195
3300
3287
3272
3287
3240
3200
3152
2916
2004
1540
1976
2360
2880
2895
2456
2564
2659
2155
3091
2448
1311
1232
1732
2411
2436
2424
2415
2499
2552
2468
2455
2432
2311
1947
1463
3295
3179
2208
1779
2155
2876
3048
2947
3151
3459
3484
3224
3088
3119
3203
3128
2807
2460
2891
3312
2939
2424
1936
1851
2943
2619
2163
2723
2551
3196
3452
3420
3027
2268
1803
1512
1243
1088
1111
1444
1788
1984
2232
2440
2487
2472
2475
2639
2887
2907
2728
2536
2428
2276
2048
1892
1807
1572
0999
0668
1247
2472
2476
1976
2100
2596
2591
3056
3435
3515
3579
3596
3215
3360
3647
3548
3516
3372
3088
2744
2563
1444
2791
2819
2895
3404
3163
2644
2308
1603
1575
1519
0592
0544
0672
1404
3200
3300
3571
3624
3460
3515
3283
2932
2299
1699
2404
2091
2379
2652
2079
1776
2599
2791
1755
0647
0580
0639
1516
1820
1767
1743
1932
2128
2247
2068
0996
0839
1675
2171
1776
2708
3848
3831
3595
3495
3415
3403
3479
3456
3183
2723
2375
2207
2083
2007
2015
2152
2312
2492
2511
2495
2535
2643
2959
3255
2731
1876
3904
4024
3424
2956
2784
3423
3544
2804
2691
3124
2444
2399
2379
2372
2239
2236
2192
1935
1784
2099
2199
2263
2451
2639
2887
3071
2476
2759
3271
2731
2591
2756
2808
3135
3320
3099
3140
3263
3232
3164
3047
2803
2375
2135
2308
2679
2472
1952
1979
2255
2340
2168
2083
2279
2263
2088
2284
2507
2352
2443
2580
2663
2791
2972
3048
2939
2780
2543
2072
1456
1287
1236
1212
1204
1187
0900
0663
0772
1403
1244
0864
0812
0967
1208
1635
1891
2015
2564
2979
3175
3503
3780
3795
3652
3700
3772
3740
3579
3420
3323
3467
3588
3240
2680
2939
2655
2472
2767
2800
2932
3171
3228
3291
3344
3280
3195
3128
3123
2912
2039
1340
0916
1468
1036
1256
1828
0660
0612
0716
1200
1664
2535
3071
3491
3636
3695
3596
3375
2940
2307
1675
1248
1048
1147
1528
1999
2228
2300
2384
2808
3064
1324
0728
3487
3879
4095
3455
2936
2976
3072
3200
3103
2791
2607
2935
2843
2899
3396
2788
3615
3204
2879
3287
3284
3079
3067
3072
2539
0651
0544
1315
1783
1640
1560
1416
1155
1128
1195
1303
1447
1651
1883
2140
2459
2560
2468
2048
1092
0820
1204
1580
1188
1659
2607
2796
3283
3636
3668
4095
4095
4040
3731
3431
3267
3271
3119
2956
2952
2867
2651
2652
2551
2512
2192
2028
2144
2131
2479
2924
3407
3547
3404
3463
3599
3444
3387
3267
2819
2811
3088
2716
3059
3207
2199
2415
2704
2500
2063
2872
2907
2503
2639
2855
2484
2308
2408
2115
2040
2147
2139
2011
2011
2108
2279
2387
2196
1879
1635
2196
1180
0992
2187
2168
1848
2496
2527
2391
2611
2728
2171
2131
2627
2436
2316
2964
2872
2792
2816
2872
2660
2419
2420
2580
2672
2467
1916
2308
2812
2727
3031
3372
3283
3195
2820
2843
3376
3420
3220
2963
3003
2976
2875
2635
2124
1707
1648
1879
1728
2196
2627
2747
2612
2119
1815
1760
1500
1216
0984
0959
1336
2260
2691
2419
2195
2428
2539
2416
2316
2231
2363
2776
3564
3715
3184
2904
2995
3160
3496
3527
3275
2663
2715
2923
2911
2923
3191
3275
2955
1987
1743
1656
1508
1427
1456
1536
1580
1603
1683
1719
1595
1348
1104
1168
1439
1528
1308
0940
0936
1004
1192
1559
2155
2699
2488
1583
1791
2083
2236
2467
2724
2700
2847
3007
3388
3816
4095
4095
4095
4095
4095
4084
3991
3664
3695
3608
3924
3828
3555
3299
3071
2819
2440
1891
1448
1383
1287
0844
0636
0652
0796
1047
1383
1899
2392
2752
2964
3096
3095
3196
3411
3775
3604
3163
2500
2591
3627
4015
3820
3607
3443
3224
2392
2168
2776
2688
3356
2747
2143
2120
2483
2576
2244
2144
1980
2348
2503
2251
2284
2360
2235
2111
1819
1656
2131
2643
2616
2443
2211
2583
3003
3035
2915
2851
2768
2507
2307
2224
2208
2260
2299
2216
2015
1839
1672
1608
1715
2031
2204
2391
3051
3363
3467
3192
3172
3323
3379
3347
3191
2876
2580
2484
2131
1740
1756
1892
2168
2571
2863
3127
3252
3252
3171
2775
2823
3135
2984
3132
2979
2856
2596
2615
2532
2543
2540
2588
2047
0811
2351
1623
1580
2351
2140
2107
2395
2436
2555
2620
2619
2575
2816
3083
3139
3076
2884
2744
2472
2059
1719
1615
1524
1179
1004
1099
1503
1776
1903
1960
1859
1808
2108
2456
2744
2848
2947
2911
2795
2592
2635
3075
3511
3744
3667
3443
2920
2320
2115
1596
1280
1203
1068
0859
0720
0732
1020
1536
1888
2131
2380
2639
2832
2956
2960
2932
2880
2888
2919
2968
3019
3088
3179
3183
3159
3196
3343
3504
3660
3724
3795
3767
3663
3576
3472
3259
3328
3232
2156
2311
3256
3168
2827
2148
1128
0759
1000
1539
2148
2307
2272
1795
1656
1648
1672
1495
1735
2135
2283
2476
2912
3383
2960
2768
2963
2208
2116
3359
3524
3503
3488
3499
3460
3404
3324
3019
1687
0884
0779
0563
0591
0631
0647
0676
0776
0780
0916
1124
1259
1803
2596
3432
4003
4095
4095
4095
4095
4095
4055
3675
2427
1279
0687
1120
1727
2871
3968
3907
3771
3664
3412
3084
2819
2712
2699
2507
2503
2511
2359
2475
2736
2752
2648
2551
2931
3251
3227
3372
3323
2667
1771
1635
1552
1603
2140
1711
1851
2187
2659
2487
1955
1908
1268
1468
1695
1820
2159
2552
2807
2856
2668
2476
2156
1883
1695
1780
2123
2347
2495
2747
3020
3188
3196
3187
3111
2983
2900
2855
2480
1679
1092
0972
0728
1039
2795
3124
2800
2524
2780
3119
3251
3280
3344
3527
3700
3748
3615
3435
3275
2651
1952
1967
2603
2572
2360
3148
3171
2004
1587
2535
3159
3075
2639
2424
2599
2543
2516
2599
2927
3183
3127
2824
2516
2375
2471
1984
1355
1187
1279
1464
1503
1643
2048
2555
2864
2844
2511
2312
2312
2415
2516
2448
2259
2184
2172
2219
2139
2180
2332
2532
2732
2815
2792
2728
2720
2788
2895
2972
3023
3095
3188
3235
3248
3335
3407
3036
2532
2315
1868
1740
2672
2604
2000
1720
2184
2587
2584
2508
2544
2563
2648
2820
2872
2819
2683
2543
2408
2319
2347
2444
2460
2576
2807
2975
3028
2923
2604
2275
1903
1587
1431
1455
1732
1935
1999
2060
2047
2155
2311
2563
2623
2779
2743
2759
2731
2596
2479
2403
2311
2211
2283
2488
2044
1711
1727
1619
1812
2032
2308
3147
3280
3076
3092
3200
3032
2827
2647
2483
2515
2632
2815
2903
2843
2568
2399
2327
2331
2404
2507
2595
2308
2019
1799
2119
2319
2363
2376
2468
2535
2555
2595
2607
2508
2487
2483
2460
2463
2568
2652
2756
2756
2815
2888
2851
2668
2331
2020
1836
1796
1824
1820
1832
1915
2100
2332
2544
2720
2647
2675
2843
3100
3235
3231
3123
3024
3060
3239
3223
3156
3020
2896
2904
2824
2439
2404
2564
2952
3284
3276
3204
3063
2747
2392
1963
1683
1667
1628
2660
3083
2607
2115
1932
1816
1907
2000
2183
2439
2719
2868
2720
2388
2004
1839
1655
1531
1555
1668
1628
1724
1863
2052
2243
2376
2464
2563
2635
2711
2792
2887
2976
2951
2843
