2483
2490
2490
2490
2490
2490
2490
2490
2490
2490
2490
2490
2490
2490
2490
2490
2490
2490
2490
2490
2490
2490
2490
2490
2490
2490
2490
2490
2490
2490
2490
2490
2490
2490
2490
2490
2490
2490
2490
2490
2490
2490
2490
2490
2490
2490
2490
2490
2490
2490
2490
2490
2490
2490
2490
2490
2490
2490
2490
2490
2490
2490
2490
2490
2490
2490
2490
2490
2490
2490
2490
2490
2490
2490
2490
2490
2490
2490
2490
2490
2490
2490
2490
2490
2490
2490
2490
2490
2490
2490
2490
2490
2490
2490
2490
2490
2490
2490
2490
2490
2490
2490
2490
2490
2490
2490
2490
2490
2490
2490
2490
2490
2490
2490
2490
2490
2490
2490
2490
2490
2490
2490
2490
2490
2490
2490
2490
2490
2490
2490
2490
2490
2490
2490
2490
2490
2490
2490
2490
2490
2490
2490
2490
2490
2490
2490
2490
2490
2490
2490
2490
2490
2490
2490
2490
2490
2490
2490
2490
2490
2490
2490
2490
2490
2490
2490
2490
2490
2490
2490
2490
2490
2490
2490
2490
2490
2490
2490
2490
2490
2490
2490
2490
2490
2490
2490
2490
2490
2490
2490
2490
2490
2490
2490
2490
2490
2490
2490
2490
2490
2490
2490
2490
2490
2490
2490
2490
2490
2490
2490
2490
2490
2490
2490
2490
2490
2490
2490
2490
2490
2490
2490
2490
2490
2490
2490
2490
2490
2490
2490
2490
2490
2490
2490
2490
2490
2490
2490
2490
2490
2490
2490
2490
2490
2490
2490
2490
2490
2490
2490
2490
2490
2490
2490
2490
2490
2490
2490
2490
2490
2490
2490
2490
2490
2490
2490
2490
2490
2490
2490
2490
2490
2490
2490
2490
2490
2490
2490
2490
2490
2490
2490
2490
2490
2490
2490
2490
2490
2490
2490
2490
2490
2490
2490
2490
2490
2490
2490
2490
2490
2490
2490
2490
2490
2490
2490
2490
2490
2490
2490
2490
2490
2490
2490
2490
2490
2490
2490
2490
2490
2490
2490
2490
2490
2490
2490
2490
2490
2490
2490
2490
2490
2490
2490
2490
2490
2490
2490
2490
2490
2490
2490
2490
2490
2490
2490
2490
2490
2490
2490
2490
2490
2490
2490
2490
2490
2490
2490
2490
2490
2490
2490
2490
2490
2490
2490
2490
2490
2490
2490
2490
2490
2490
2490
2490
2490
2490
2490
2490
2490
2490
2490
2490
2490
2490
2490
2490
2490
2490
2490
2490
2490
2490
2490
2490
2490
2490
2490
2490
2490
2490
2490
2490
2490
2490
2490
2490
2490
2490
2490
2490
2490
2490
2490
2490
2490
2490
2490
2490
2490
2490
2490
2490
2490
2490
2490
2490
2490
2490
2490
2490
2490
2490
2490
2490
2490
2490
2490
2490
2490
2490
2490
2490
2490
2490
2490
2490
2490
2490
2490
2490
2490
2490
2490
2490
2490
2490
2490
2490
2490
2490
2490
2490
2490
2490
2490
2490
2490
2490
2490
2490
2490
2490
2490
2490
2490
2490
2490
2490
2490
2490
2490
2490
2490
2490
2490
2490
2490
2490
2490
2490
2490
2490
2490
2490
2490
2490
2490
1504
1467
1139
0836
1055
1599
1867
1840
1732
1720
1828
2003
2180
2351
2503
2651
2784
2852
2823
2731
2720
2771
2895
2891
2772
2564
1995
2111
2799
2928
2572
1911
1812
2188
2599
3204
3375
2600
2283
3908
3575
2740
2847
3183
3024
2327
2016
1612
1752
2287
2608
2983
3288
3232
3196
3208
3115
2852
2675
2591
2804
3404
3328
2879
2335
1795
1780
1512
1627
2307
1888
2192
2271
2119
1644
0763
0716
1040
1199
1552
1952
1592
0852
0955
1659
2480
2807
3055
3040
2963
3216
3715
3483
4095
3916
2915
2592
2595
2368
2808
2888
3455
3135
3584
3428
2783
2539
2651
2307
2988
3428
3495
3171
2679
2136
2188
2007
1707
2148
2268
2068
1855
2664
2460
2375
2359
2339
2492
2539
2623
2812
2963
2787
2303
1723
1544
1856
3244
3800
3708
3431
2416
1259
0663
0623
0652
1403
2175
2335
1759
1300
3095
3971
3568
2883
2875
2884
2243
2692
2751
2072
1896
3244
2932
1791
1403
1615
2544
2764
2480
2212
2220
2384
1959
1035
1135
1343
1856
2579
3087
3172
3135
2667
2483
2100
1752
1560
1548
1667
1811
2063
2883
3767
4011
4095
3960
3171
3191
3532
3071
2908
2928
2656
2463
2647
3080
3471
3603
3747
3956
3867
3735
2968
1659
1496
2595
3479
3268
2576
2728
2960
2779
2696
2420
2064
1480
1168
0672
0703
0776
2192
3075
2415
1871
3023
2756
2719
2707
2055
1923
2143
2531
1856
3228
3071
1979
2495
2411
1791
1376
1252
0783
2224
3252
3363
3544
2987
2800
3003
3051
2864
2532
2460
2527
2903
2839
2611
2715
2520
2591
2895
3296
3047
2436
3172
3763
3404
3424
3635
3435
2860
0995
0519
0619
1791
2083
2320
2136
1607
1464
1987
2011
1675
1063
0800
2071
1256
1211
1919
2236
1775
1827
2163
1476
1512
2855
3588
3643
3924
4095
4095
4095
4095
4095
4092
3831
3132
2900
2787
2244
1235
0636
1763
2188
1671
1544
1748
1560
1844
2219
1884
1439
2676
2335
1380
2296
3020
4095
2704
1936
2515
2876
2991
3352
3055
4095
3536
2811
2836
2364
2131
2100
1971
1112
1172
2040
1983
1515
1543
2404
2852
1743
2576
3391
2364
1991
1808
1384
1867
2660
3059
3035
3124
2935
2984
3007
2871
2748
2724
2891
3367
3603
3467
3824
4095
4084
3271
2355
2060
2092
2472
2863
2951
2952
2895
2580
2024
1555
0740
0788
1255
0911
2759
3392
3364
3931
4060
2628
2324
2244
2764
1243
1804
1324
1876
2647
1847
2048
2260
2515
3455
3456
3075
3631
4095
4095
4004
3903
3783
3620
3271
2543
2556
2688
2191
2804
3259
2808
3055
3395
2832
3196
2808
3004
2983
2295
2472
2143
2347
2956
1984
2172
2244
2375
1820
1783
1924
2783
2764
3107
3084
2348
0487
0452
0496
1448
2184
2072
1852
2199
1755
3376
3064
2232
3347
2828
2099
2244
2323
2712
2283
2787
1887
0663
1127
2187
2492
2679
2436
1784
1171
0811
0683
0991
1483
2024
1899
1504
1675
1916
2407
2104
2603
2624
2552
2584
2507
1660
1716
2768
3527
3976
3995
3928
3719
3604
3884
3924
3563
3347
3020
2707
2879
2660
2664
2199
1692
2067
2624
2823
2695
3587
3708
2959
2508
2932
1987
1656
1227
0743
0615
0643
1979
2379
1776
2500
3423
2604
2848
3772
3468
3247
3051
2759
2304
1571
0984
0983
1576
1719
1531
1320
1403
1100
1531
1651
1767
1963
2192
1384
1928
3152
3276
3520
3900
4095
4095
4095
4095
4052
3916
3916
3740
2788
1160
0828
1704
2027
1052
2380
1988
1675
2536
4040
3536
2211
2811
3043
2735
3148
2848
2104
2823
3340
2952
2255
3887
3140
3276
3439
3175
3192
3203
2447
1872
2235
3023
2104
2223
1199
0620
1452
0911
1168
2220
1892
2563
2372
1467
1900
1892
1744
2399
2552
3151
3512
3220
3215
3567
3756
3400
3075
2739
2923
2956
2971
3336
3419
3056
2580
2399
2739
2439
1776
2859
3147
3264
3316
3196
3087
2520
2739
3139
2659
1711
2088
1523
1104
1835
1976
2400
2447
2351
1820
3203
2876
2588
3200
3123
2148
2467
1892
2003
2611
2100
2631
2316
2883
2147
2512
3100
2235
2279
0988
0820
1356
1743
1871
1703
1099
1192
1460
2208
3083
2523
3356
3091
2619
2580
2659
2552
2575
2984
2372
1744
2068
2452
1928
0931
1555
2712
3184
3079
2463
2227
1944
1435
1820
2511
2680
2608
3023
3052
2744
2507
2483
2699
2784
2499
2532
2775
2775
1984
1835
4095
3332
1771
2487
1460
1327
2248
2204
3456
3351
2944
2008
1344
1804
2303
2247
2415
2640
2411
2955
2391
3164
3344
3276
3140
3383
3447
3403
3319
3107
2952
2407
2508
1964
2715
2260
3047
2319
2431
2236
2595
1499
1172
1196
1567
2572
2619
3480
3139
3612
2784
3048
2139
1712
1903
2296
2363
1540
1604
1471
2580
3256
2671
2752
2660
2648
2216
1927
2028
3131
2776
2103
2683
2548
1752
2280
2684
2287
2112
1811
2247
2768
2388
2247
2600
3499
2711
1867
2276
2303
2119
2223
2355
2160
2240
2344
2523
2104
2535
2563
2279
2524
2796
2980
2955
2635
2808
2975
2720
2507
2888
2464
2392
2376
2327
2228
1571
1976
2915
2904
2583
2275
2516
2308
3471
3288
3799
3159
3288
3671
3784
3427
2544
2272
2019
2219
1692
1187
1483
1815
1195
0803
2831
3668
3416
3096
2731
3199
3471
3064
2728
2971
2700
2335
1083
2088
2096
2256
2171
2331
2236
2048
2219
3171
3512
3920
4032
3804
3132
3463
2892
2143
2196
1215
1103
0900
1175
3184
2572
3776
3507
3407
3451
3632
3488
3124
3051
3008
2715
2615
2635
2676
2480
1719
1588
1960
2055
2155
2227
1555
1791
1539
0628
1175
1375
1631
2687
2383
2460
2444
2371
2336
2244
2531
2163
1411
1951
2899
2603
2551
2748
2680
2424
2456
2816
2980
2836
2752
2900
3159
3351
2824
3448
3320
2455
2739
2384
2055
2080
2608
2220
2123
2060
1983
2100
2595
3227
3008
2168
2892
3147
2579
2728
2832
2391
1803
2552
2687
2408
2319
2532
2703
2863
2759
2472
2867
2559
2672
2876
2876
2816
2835
3027
2784
2855
2908
2908
3244
2792
1667
1220
1083
1367
1324
1015
1139
1296
1736
2516
2512
2304
2528
2432
2360
2380
2451
2328
2427
2312
2543
2692
2624
2628
2936
3131
3176
3131
2991
2859
2631
2487
2572
2236
1907
1996
2159
2323
2384
2383
2428
2604
2747
2951
3007
2868
2875
2823
2756
2832
2868
2736
2699
2707
2503
2355
2083
1887
1940
2495
3208
3235
2047
2584
2587
2151
2336
2304
2427
2628
2599
2456
2260
2079
2060
2196
2391
2507
2539
2539
2515
2396
2355
2428
2408
2495
2619
2636
2448
2208
2124
2043
2168
2244
2356
2236
2991
3103
2896
2316
2655
3131
2831
2451
2412
2540
2360
2216
2432
2399
2260
2483
2844
2839
2692
2668
2664
2651
2779
2811
2752
2656
2623
2640
2660
2652
2636
2635
2575
2748
2863
2380
2116
2240
2527
2559
2311
2032
2220
2295
2175
2232
2304
2559
2644
2503
2348
2299
2680
2776
2619
2519
2524
2683
2735
2724
2703
2711
2787
2843
2832
2779
2716
2680
2672
2676
2648
2616
2571
2524
2463
2384
2312
2248
2196
2179
2212
2224
2312
2316
2012
1508
1631
2287
2544
2735
2627
2611
2800
2948
2739
2395
2120
2083
2183
2204
2224
2356
2535
2648
2760
2759
2672
2619
2447
2183
2488
2727
2656
2587
2435
2116
2428
2936
3007
2859
2711
2715
2740
2776
2804
2771
2723
2588
2376
2400
2707
2844
2643
1931
1672
1783
1895
2131
2436
2440
2348
2368
2428
2511
2576
2632
2703
2804
2891
2947
2911
2787
2647
2527
2459
2463
2484
2448
2387
2332
2303
2307
2308
2299
2271
2292
2319
2319
2335
2324
2296
2351
2304
2460
2447
2115
2235
2495
2648
2624
2524
2424
2339
2283
2267
2279
2303
2312
2320
2332
2339
2348
2360
2384
2432
2488
2551
2608
2640
2660
2671
2643
2604
2571
2547
2527
2508
2507
2491
2472
2443
2440
2444
2467
2500
2536
2559
2544
2519
2508
2543
2600
2632
2628
2592
2580
2572
2491
2404
2360
2348
2316
2284
2292
2268
2287
2399
2492
2528
2464
2447
2448
2499
2520
2563
2644
2463
1912
1935
2255
2487
2531
2588
2728
2771
2728
2692
2700
2720
2739
2752
2752
2719
2660
2599
2555
2523
2495
2467
2423
2399
2416
2463
2503
2527
2535
2527
2520
2528
2536
2547
2544
2531
2520
2507
2496
2467
2448
2431
2423
2411
2411
2411
2424
2444
2452
2459
2479
2500
2511
2523
2516
2515
2507
2495
2492
2487
2483
2471
2456
2447
2431
2423
2420
2427
2440
2459
2472
2488
2512
2539
2551
2551
2543
2516
2483
2440
2408
2399
2380
2363
2347
2356
2379
2420
2480
2520
2536
2520
2479
2451
2459
2427
2423
2411
2435
2560
2607
2452
2127
2072
2275
2460
2480
2464
2424
2335
2368
2452
2556
2611
2647
2672
2691
2708
2723
2736
2751
2751
2731
2707
2668
2639
2608
2567
2519
2495
2472
2468
2471
2472
2472
2472
2487
2492
2503
2512
2524
2507
2483
2471
2476
2487
2479
2476
2459
2443
2408
2380
2359
2348
2348
2363
2383
2407
2428
2452
2479
2503
2524
2544
2540
2539
2528
2531
2524
2520
2512
2504
2499
2495
2488
2484
2476
2483
2488
2491
2487
2496
2527
2563
2592
2588
2560
2516
2475
2432
2404
2384
2375
2371
2363
2355
2367
2368
2367
2379
2376
2380
2403
2432
2452
2472
2500
2511
2523
2532
2543
2551
2555
2564
2572
2572
2567
2567
2564
2563
2556
2548
2547
2539
2523
2512
2503
2487
2472
2468
2468
2472
2479
2491
2496
2491
2483
2467
2456
2444
2435
2435
2428
2420
2424
2440
2467
2480
2487
2504
2520
2535
2539
2543
2551
2551
2548
2547
2547
2544
2536
2524
2512
2504
2495
2488
2476
2471
2467
2452
2444
2435
2431
2432
2432
2436
2444
2455
2456
2456
2475
2487
2480
2475
2455
2448
2440
2420
2427
2427
2440
2444
2460
2479
2504
2516
2520
2520
2520
2516
2515
2520
2523
2527
2520
2531
2531
2527
2531
2544
2552
2555
2555
2547
2540
2523
2508
2491
2487
2483
2480
2471
2463
2468
2475
2483
2487
2492
2495
2495
2483
2476
2471
2464
2459
2452
2447
2452
2455
2455
2463
2463
2467
2479
2484
2491
2487
2488
2492
2495
2495
2495
2496
2504
2500
2499
2495
2491
2492
2495
2487
2487
2491
2492
2491
2488
2483
2472
2471
2463
2452
2444
2448
2451
2452
2456
2463
2468
2471
2467
2483
2476
2475
2479
2483
2487
2491
2499
2507
2520
2531
2535
2532
2536
2539
2536
2535
2528
2527
2523
2524
2523
2515
2508
2508
2500
2496
2495
2496
2496
2491
2491
2491
2488
2487
2488
2495
2492
2500
2503
2504
2507
2511
2520
2527
2528
2528
2535
2531
2520
2519
2508
2504
2492
2488
2488
2488
2480
2472
2472
2479
2475
2468
2460
2451
2447
2440
2436
2431
2432
2432
2440
2444
2444
2452
2456
2464
2472
2475
2483
2475
2472
2483
2488
2499
2500
2512
2519
2527
2532
2535
2539
2543
2544
2548
2540
2531
2519
2511
2495
2480
2475
2463
2455
2443
2432
2432
2432
2428
2428
2435
2435
2439
2447
2456
2460
2467
2468
2475
2484
2488
2491
2492
2492
2499
2499
2499
2504
2512
2516
2519
2523
2523
2527
2527
2527
2527
2516
2511
2507
2500
2496
2495
2492
2495
2491
2488
2491
2496
2496
2499
2500
2507
2512
2516
2520
2519
2524
2531
2523
2523
2524
2524
2524
2519
2507
2491
2488
2476
2471
2463
2463
2464
2463
2460
2459
2459
2456
2460
2464
2468
2475
2475
2480
2484
2480
2475
2476
2479
2483
2475
2475
2468
2464
2468
2475
2472
2471
2468
2476
2484
2488
2484
2491
2492
2496
2492
2495
2499
2507
2508
2515
2519
2520
2523
2523
2524
2519
2520
2516
2523
2520
2508
2500
2507
2507
2511
2504
2503
2504
2503
2499
2488
2484
2487
2483
2475
2475
2480
2479
2479
2483
2488
2492
2503
2511
2512
2515
2520
2523
2519
2516
2519
2516
2516
2516
2515
2511
2515
2512
2515
2508
2508
2512
2512
2515
2512
2511
2511
2503
2495
2487
2484
2483
2475
2471
2472
2468
2459
2451
2451
2455
2451
2443
2443
2451
2464
2468
2463
2467
2468
2468
2468
2475
2480
2483
2480
2484
2491
2492
2492
2488
2487
2479
2476
2472
2468
2467
2467
2467
2468
2471
2476
2479
2476
2480
2484
2491
2492
2495
2491
2491
2496
2488
2491
2488
2488
2488
2491
2491
2491
2491
2491
2487
2484
2488
2491
2495
2492
2496
2499
2503
2500
2495
2496
2492
2496
2487
2483
2480
2480
2479
2480
2484
2487
2495
2499
2503
2500
2507
2512
2519
2524
2527
2523
2527
2527
2524
2519
2503
2491
2480
2475
2464
2455
2451
2447
2443
2439
2439
2439
2443
2451
2455
2460
2463
2459
2464
2471
2479
2479
2487
2491
2499
2507
2500
2507
2508
2519
2516
2516
2523
2527
2532
2527
2527
2524
2531
2528
2520
2515
2512
2516
2512
2511
2507
2507
2503
2495
2507
2503
2504
2507
2500
2500
2492
2491
2496
2499
2503
2503
2503
2500
2499
2496
2495
2488
2480
2484
2476
2467
2467
2463
2464
2464
2468
2475
2475
2480
2484
2487
2491
2496
2492
2491
2491
2492
2495
2483
2476
2475
2472
2479
2476
2475
2480
2483
2491
2499
2503
2512
2511
2511
2511
2515
2504
2508
2508
2504
2500
2499
2504
2507
2496
2499
2496
2499
2496
2496
2488
2484
2480
2472
2464
2463
2459
2460
2460
2455
2452
2455
2456
2459
2464
2463
2467
2471
2472
2480
2484
2483
2483
2484
2487
2484
2484
2480
2476
2472
2471
2471
2464
2467
2467
2472
2476
2480
2479
2479
2483
2487
2487
2479
2480
2487
2492
2496
2500
2503
2511
2512
2515
2523
2523
2527
2524
2524
2531
2528
2527
2523
2527
2524
2527
2520
2516
2516
2516
2508
2507
2508
2507
2507
2499
2492
2492
2491
2487
2484
2483
2483
2483
2483
2488
2491
2491
2499
2504
2508
2512
2515
2519
2520
2519
2516
2519
2512
2516
2515
2515
2512
2507
2503
2499
2500
2495
2492
2488
2484
2479
2480
2480
2476
2472
2467
2463
2460
2459
2459
2460
2463
2468
2471
2471
2476
2476
2476
2475
2471
2467
2468
2472
2475
2472
2479
2487
2496
2508
2515
2516
2516
2515
2512
2507
2511
2508
2503
2499
2500
2496
2495
2496
2499
2500
2507
2499
2495
2492
2488
2488
2487
2480
2475
2472
2479
2479
2475
2471
2472
2475
2479
2479
2479
2479
2476
2472
2471
2471
2468
2471
2467
2472
2479
2480
2476
2483
2483
2483
2476
2475
2475
2475
2471
2468
2463
2468
2468
2464
2460
2464
2464
2460
2464
2467
2472
2476
2472
2484
2488
2495
2496
2500
2511
2520
2524
2527
2527
2524
2524
2520
2516
2507
2492
2488
2476
2464
2460
2452
2451
2456
2464
2471
2483
2488
2488
2495
2503
2507
2512
2516
2523
2519
2516
2508
2503
2496
2492
2491
2488
2488
2495
2495
2507
2504
2515
2520
2531
2536
2536
2540
2539
2535
2528
2523
2516
2520
2516
2511
2504
2499
2495
2491
2487
2484
2488
2480
2483
2483
2479
2480
2480
2483
2480
2483
2480
2480
2479
2479
2479
2472
2476
2479
2476
2476
2483
2488
2496
2500
2499
2500
2503
2500
2507
2507
2508
2500
2496
2492
2491
2487
2484
2488
2488
2488
2495
2492
2491
2488
2491
2487
2484
2488
2492
2496
2499
2500
2504
2511
2511
2508
2500
2500
2500
2499
2496
2495
2496
2496
2492
2496
2500
2496
2488
2484
2484
2487
2484
2479
2479
2479
2480
2480
2488
2496
2499
2495
2496
2499
2500
2503
2495
2491
2487
2487
2480
2484
2483
2480
2483
2487
2488
2496
2499
2499
2499
2496
2488
2487
2487
2480
2475
2476
2476
2480
2487
2495
2491
2499
2503
2511
2512
2511
2508
2504
2503
2500
2499
2491
2487
2483
2480
2476
2468
2463
2459
2447
2435
2427
2420
2416
2416
2415
2416
2420
2435
2447
2455
2459
2464
2476
2484
2491
2495
2503
2503
2499
2500
2504
2504
2503
2504
2507
2512
2508
2511
2508
2508
2507
2500
2496
2488
2491
2484
2484
2484
2484
2487
2491
2495
2500
2504
2516
2523
2516
2515
2520
2520
2515
2508
2511
2512
2508
2507
2504
2511
2507
2511
2507
2507
2511
2507
2503
2495
2487
2487
2484
2487
2483
2484
2484
2483
2491
2495
2496
2491
2491
2492
2496
2488
2480
2488
2495
2499
2495
2492
2487
2487
2491
2488
2487
2483
2488
2484
2487
2488
2491
2491
2484
2483
2483
2475
2475
2479
2483
2472
2472
2475
2480
2479
2479
2479
2479
2480
2487
2495
2499
2500
2496
2504
2508
2511
2519
2516
2519
2515
2512
2507
2508
2508
2499
2492
2488
2480
2479
2475
2479
2468
2464
2467
2464
2460
2460
2455
2456
2463
2464
2467
2463
2467
2468
2472
2475
2479
2483
2487
2491
2500
2503
2504
2499
2496
2504
2507
2504
2503
2504
2515
2511
2516
2511
2507
2507
2512
2519
2512
2511
2511
2504
2499
2495
2491
2488
2484
2484
2484
2483
2484
2487
2492
2499
2496
2496
2491
2496
2491
2488
2480
2483
2483
2491
2488
2487
2495
2492
2483
2484
2483
2479
2476
2480
2479
2480
2491
2499
2499
2500
2515
2515
2508
2508
2511
2508
2511
2512
2511
2508
2507
2504
2504
2504
2500
2488
2483
2480
2476
2468
2463
2459
2463
2471
2476
2483
2488
2499
2508
2515
2524
2524
2520
2519
2523
2520
2516
2512
2507
2504
2496
2491
2483
2475
2460
2451
2444
2439
2435
2431
2427
2431
2428
2436
2443
2452
2463
2468
2475
2476
2476
2475
2475
2471
2476
2475
2479
2472
2472
2479
2476
2479
2475
2475
2476
2476
2475
2471
2464
2468
2467
2468
2471
2476
2479
2487
2495
2503
2504
2512
2520
2523
2527
2523
2528
2531
2528
2535
2539
2539
2540
2539
2540
2540
2539
2535
2527
2515
2499
2491
2479
2471
2464
2455
2456
2456
2468
2471
2480
2491
2496
2507
2507
2519
2515
2515
2504
2507
2504
2504
2504
2503
2503
2503
2500
2500
2500
2499
2504
2499
2496
2500
2495
2496
2491
2479
2475
2468
2464
2460
2456
2459
2463
2475
2476
2483
2491
2492
2492
2496
2508
2507
2507
2503
2508
2504
2496
2499
2496
2496
2495
2500
2500
2504
2504
2508
2503
2499
2492
2488
2488
2491
2484
2483
2480
2483
2488
2492
2491
2487
2492
2495
2499
2499
2504
2511
2519
2519
2520
2516
2519
2520
2520
2511
2508
2504
2495
2492
2492
2492
2491
2487
2479
2479
2475
2472
2468
2467
2463
2464
2467
2467
2460
2460
2455
2456
2460
2468
2471
2471
2468
2475
2484
2492
2492
2496
2495
2500
2500
2500
2496
2492
2480
2479
2480
2480
2488
2492
2492
2495
2504
2503
2495
2495
2487
2484
2472
2467
2459
2448
2448
2443
2444
2448
2451
2451
2455
2459
2467
2475
2479
2483
2488
2495
2503
2511
2507
2508
2512
2515
2512
2516
2519
2524
2524
2524
2528
2531
2527
2524
2523
2520
2515
2508
2508
2503
2500
2500
2503
2504
2503
2500
2495
2495
2495
2488
2492
2491
2487
2480
2484
2483
2480
2479
2479
2483
2484
2488
2484
2491
2499
2504
2507
2508
2512
2516
2515
2512
2511
2508
2507
2507
2503
2500
2499
2504
2507
2500
2492
2496
2500
2496
2488
2491
2488
2479
2471
2460
2456
2444
2440
2436
2435
2428
2428
2436
2439
2436
2440
2444
2444
2447
2452
2459
2456
2459
2468
2472
2483
2487
2484
2480
2476
2484
2495
2496
2499
2504
2508
2519
2524
2528
2527
2523
2527
2527
2527
2524
2524
2524
2523
2523
2523
2520
2519
2512
2516
2515
2512
2512
2515
2519
2511
2500
2503
2499
2503
2495
2499
2496
2492
2491
2491
2492
2488
2488
2480
2480
2484
2487
2487
2483
2484
2484
2484
2480
2480
2479
2480
2480
2487
2492
2495
2491
2491
2496
2499
2507
2511
2507
2504
2508
2508
2511
2512
2520
2519
2515
2516
2515
2511
2504
2503
2500
2495
2491
2488
2483
2479
2476
2471
2467
2456
2456
2456
2455
2459
2460
2463
2463
2464
2464
2468
2468
2463
2467
2472
2479
2476
2476
2484
2496
2507
2508
2516
2519
2516
2516
2519
2512
2500
2499
2496
2496
2491
2484
2483
2487
2488
2492
2500
2507
2512
2504
2504
2504
2499
2492
2487
2483
2480
2475
2468
2467
2468
2463
2464
2467
2472
2471
2468
2468
2468
2468
2472
2487
2492
2496
2499
2495
2492
2492
2500
2508
2508
2508
2515
2515
2516
2515
2508
2507
2503
2503
2507
2504
2499
2488
2487
2488
2476
2479
2475
2464
2456
2451
2456
2459
2456
2448
2460
2452
2452
2460
2452
2448
2459
2472
2487
2499
2503
2511
2512
2512
2519
2524
2528
2531
2536
2543
2543
2544
2544
2536
2528
2524
2523
2512
2503
2488
2479
2472
2464
2456
2451
2439
2435
2432
2428
2420
2408
2391
2387
2395
2400
2399
2403
2416
2428
2424
2436
2459
2464
2464
2467
2476
2487
2504
2516
2527
2544
2551
2551
2560
2555
2575
2559
2552
2544
2548
2551
2544
2544
2539
2544
2544
2548
2540
2536
2536
2540
2547
2543
2532
2540
2536
2535
2527
2524
2515
2508
2512
2511
2503
2495
2491
2499
2492
2492
2496
2496
2500
2500
2495
2496
2496
2496
2492
2499
2495
2491
2487
2488
2492
2492
2492
2495
2492
2491
2500
2503
2499
2492
2492
2483
2472
2464
2463
2455
2448
2447
2447
2456
2460
2463
2464
2467
2460
2464
2468
2471
2468
2463
2467
2460
2463
2464
2467
2463
2467
2467
2475
2476
2483
2484
2488
2492
2491
2492
2499
2496
2499
2500
2504
2503
2503
2503
2507
2512
2511
2508
2508
2508
2504
2496
2500
2499
2504
2504
2511
2512
2515
2519
2524
2524
2520
2515
2511
2507
2499
2495
2492
2491
2488
2483
2479
2484
2480
2480
2491
2487
2487
2484
2476
2480
2483
2480
2476
2476
2468
2467
2472
2471
2471
2475
2475
2468
2472
2472
2476
2468
2468
2468
2472
2468
2475
2480
2488
2495
2507
2511
2516
2527
2524
2516
2511
2515
2515
2508
2503
2504
2507
2511
2508
2508
2507
2504
2504
2507
2507
2503
2495
2487
2483
2480
2472
2471
2468
2472
2472
2475
2484
2495
2500
2507
2511
2512
2508
2500
2496
2488
2475
2464
2459
2452
2444
2436
2439
2440
2440
2439
2447
2451
2448
2447
2451
2448
2448
2452
2459
2467
2471
2484
2492
2496
2503
2511
2515
2512
2519
2512
2511
2511
2507
2507
2507
2507
2511
2508
2507
2504
2508
2508
2515
2511
2515
2516
2515
2508
2508
2507
2500
2496
2484
2479
2480
2476
2472
2475
2480
2480
2483
2484
2487
2488
2491
2491
2496
2499
2495
2492
2495
2500
2503
2507
2507
2508
2508
2508
2511
2515
2515
2516
2516
2516
2511
2511
2511
2511
2508
2507
2503
2500
2495
2491
2488
2487
2479
2472
2468
2468
2472
2471
2467
2464
2471
2471
2467
2471
2475
2479
2480
2480
2479
2480
2483
2483
2484
2487
2487
2488
2491
2491
2488
2492
2488
2487
2487
2484
2480
2476
2475
2480
2483
2488
2488
2492
2496
2503
2507
2511
2507
2511
2512
2507
2507
2500
2492
2488
2487
2488
2484
2487
2492
2499
2500
2500
2503
2503
2507
2504
2504
2504
2504
2500
2508
2516
2516
2516
2519
2520
2519
2519
2516
2516
2508
2504
2492
2491
2496
2495
2491
2480
2471
2463
2463
2463
2463
2460
2460
2467
2475
2476
2480
2491
2504
2503
2508
2512
2511
2511
2500
2504
2496
2492
2484
2487
2476
2468
2464
2463
2452
2447
2444
2447
2447
2448
2452
2459
2463
2460
2468
2464
2456
2463
2456
2455
2448
2452
2459
2459
2460
2455
2459
2464
2476
2471
2471
2468
2475
2480
2484
2487
2487
2488
2499
2504
2516
2523
2524
2527
2540
2548
2548
2544
2543
2543
2543
2536
2535
2528
2532
2531
2527
2523
2515
2515
2516
2516
2504
2491
2484
2480
2475
2479
2483
2483
2484
2487
2488
2496
2503
2507
2512
2512
2516
2519
2515
2516
2520
2519
2512
2508
2503
2508
2504
2495
2491
2491
2492
2491
2487
2476
2472
2464
2452
2451
2440
2439
2436
2439
2447
2455
2451
2452
2455
2459
2463
2455
2452
2452
2448
2452
2448
2455
2459
2467
2487
2496
2499
2496
2504
2508
2516
2516
2524
2528
2527
2523
2523
2524
2527
2519
2516
2520
2523
2524
2531
2531
2528
2523
2519
2520
2524
2520
2516
2519
2523
2524
2523
2524
2528
2527
2532
2528
2520
2511
2504
2500
2492
2484
2472
2467
2460
2460
2455
2452
2451
2455
2455
2456
2455
2451
2443
2444
2443
2443
2447
2444
2447
2452
2456
2460
2464
2472
2480
2484
2495
2496
2499
2500
2507
2504
2503
2500
2499
2495
2488
2491
2491
2487
2484
2488
2499
2499
2496
2500
2500
2500
2496
2496
2495
2504
2507
2511
2504
2512
2508
2508
2507
2508
2507
2495
2491
2491
2492
2496
2496
2495
2495
2499
2499
2503
2503
2499
2492
2495
2496
2500
2500
2499
2500
2504
2503
2503
2504
2504
2503
2499
2492
2495
2495
2491
2495
2496
2496
2496
2495
2492
2495
2499
2499
2499
2492
2488
2491
2491
2491
2488
2495
2492
2487
2484
2476
2475
2464
2463
2460
2455
2451
2455
2459
2468
2472
2472
2480
2483
2483
2476
2472
2464
2456
2451
2443
2440
2428
2432
2431
2440
2447
2448
2463
2479
2488
2496
2504
2508
2516
2519
2519
2519
2519
2528
2531
2527
2531
2527
2523
2520
2524
2519
2516
2516
2511
2503
2495
2491
2484
2484
2476
2475
2480
2479
2479
2483
2487
2480
2483
2483
2480
2479
2480
2483
2480
2483
2480
2487
2491
2500
2496
2500
2503
2504
2500
2499
2499
2500
2500
2504
2504
2504
2504
2499
2499
2500
2500
2503
2504
2508
2511
2511
2507
2508
2499
2492
2488
2491
2499
2491
2488
2487
2487
2491
2491
2492
2491
2487
2488
2491
2487
2476
2472
2480
2476
2472
2475
2479
2488
2491
2491
2492
2495
2491
2495
2492
2488
2488
2491
2492
2492
2491
2495
2500
2503
2503
2504
2511
2515
2519
2520
2511
2503
2507
2503
2496
2491
2492
2495
2495
2488
2484
2483
2487
2483
2483
2483
2476
2480
2479
2483
2484
2480
2480
2483
2480
2480
2487
2487
2487
2492
2500
2504
2503
2503
2507
2512
2516
2512
2511
2512
2516
2515
2511
2511
2511
2511
2508
2500
2496
2503
2503
2499
2496
2499
2495
2491
2484
2488
2492
2491
2484
2476
2480
2480
2476
2476
2468
2468
2467
2468
2467
2464
2468
2471
2468
2467
2468
2471
2468
2471
2472
2476
2475
2475
2472
2472
2479
2475
2480
2487
2491
2496
2499
2500
2504
2503
2503
2499
2495
2492
2491
2484
2483
2471
2463
2459
2452
2448
2447
2448
2451
2455
2455
2455
2452
2464
2468
2468
2471
2475
2479
2483
2492
2496
2499
2503
2504
2508
2515
2516
2515
2516
2519
2516
2515
2512
2516
2519
2516
2519
2519
2519
2520
2520
2520
2523
2527
2527
2523
2523
2519
2512
2508
2508
2503
2500
2496
2492
2488
2484
2487
2492
2488
2487
2487
2487
2487
2491
2483
2472
2475
2475
2475
2479
2471
2468
2475
2484
2488
2484
2484
2495
2492
2495
2495
2492
2495
2496
2491
2491
2496
2499
2507
2504
2503
2504
2504
2503
2503
2511
2507
2499
2492
2492
2488
2480
2476
2476
2475
2472
2468
2475
2475
2467
2472
2476
2479
2484
2488
2488
2491
2495
2495
2499
2496
2504
2507
2503
2499
2495
2492
2488
2484
2483
2476
2479
2472
2471
2472
2476
2472
2468
2472
2472
2484
2488
2496
2499
2503
2504
2507
2512
2508
2508
2511
2511
2504
2500
2500
2495
2495
2496
2499
2495
2492
2499
2499
2492
2491
2488
2496
2496
2492
2499
2508
2504
2495
2492
2496
2499
2503
2496
2496
2499
2496
2495
2487
2479
2476
2467
2460
2460
2459
2456
2451
2456
2459
2464
2468
2471
2464
2471
2479
2476
2476
2480
2488
2480
2484
2480
2483
2483
2487
2487
2491
2491
2495
2492
2496
2495
2496
2499
2503
2508
2508
2511
2511
2512
2511
2507
2507
2500
2496
2492
2492
2488
2487
2483
2480
2487
2491
2492
2492
2496
2500
2499
2500
2507
2504
2499
2495
2492
2491
2488
2488
2488
2484
2487
2487
2492
2491
2488
2492
2491
2488
2488
2480
2480
2483
2476
2476
2479
2484
2488
2495
2500
2503
2500
2507
2504
2503
2504
2515
2516
2512
2512
2508
2504
2500
2499
2500
2508
2511
2507
2507
2507
2508
2508
2508
2508
2507
2503
2495
2491
2484
2483
2479
2475
2475
2472
2463
2459
2467
2464
2456
2455
2456
2456
2456
2455
2452
2451
2452
2460
2467
2472
2480
2483
2491
2496
2495
2495
2496
2492
2492
2491
2491
2488
2491
2487
2483
2484
2484
2483
2484
2487
2492
2496
2496
2500
2499
2503
2504
2504
2507
2511
2511
2515
2515
2515
2516
2515
2511
2500
2496
2496
2492
2488
2484
2483
2483
2484
2487
2484
2476
2471
2472
2475
2479
2475
2475
2476
2476
2487
2499
2503
2499
2492
2496
2500
2500
2500
2507
2504
2504
2504
2504
2503
2507
2508
2503
2499
2503
2503
2500
2496
2500
2496
2499
2499
2496
2491
2491
2495
2488
2487
2480
2476
2476
2479
2476
2471
2471
2471
2476
2476
2471
2464
2467
2471
2476
2475
2476
2479
2487
2491
2488
2483
2487
2492
2496
2492
2491
2496
2503
2503
2503
2504
2504
2503
2504
2500
2500
2507
2504
2499
2500
2503
2495
2492
2488
2487
2491
2492
2495
2495
2496
2499
2500
2503
2503
2500
2503
2507
2507
2507
2507
2503
2503
2499
2495
2491
2487
2488
2491
2484
2484
2483
2484
2484
2487
2484
2488
2487
2484
2483
2484
2487
2487
2484
2484
2487
2484
2483
2479
2479
2479
2476
2479
2480
2472
2471
2472
2468
2472
2479
2475
2476
2475
2483
2480
2484
2483
2480
2480
2484
2491
2492
2495
2492
2487
2491
2488
2491
2491
2484
2487
2487
2484
2484
2488
2496
2492
2492
2495
2495
2499
2496
2495
2495
2488
2491
2488
2491
2492
2499
2499
2500
2504
2504
2507
2507
2504
2500
2500
2503
2504
2500
2495
2496
2503
2500
2500
2500
2500
2503
2504
2499
2495
2491
2491
2488
2483
2479
2483
2484
2480
2476
2475
2476
2475
2476
2472
2472
2472
2476
2476
2480
2479
2475
2479
2480
2487
2484
2480
2476
2480
2483
2487
2487
2483
2484
2484
2484
2487
2480
2479
2479
2479
2484
2488
2492
2491
2488
2495
2503
2504
2503
2499
2499
2499
2495
2495
2503
2507
2504
2500
2507
2504
2507
2511
2507
2504
2504
2499
2496
2500
2503
2503
2500
2495
2503
2500
2492
2491
2491
2491
2488
2488
2483
2487
2484
2484
2484
2483
2484
2487
2487
2487
2488
2492
2495
2487
2487
2487
2491
2487
2484
2487
2483
2487
2488
2487
2487
2484
2487
2487
2487
2487
2487
2487
2488
2488
2496
2500
2499
2500
2496
2496
2500
2500
2496
2495
2492
2491
2488
2491
2495
2488
2491
2484
2488
2491
2495
2492
2487
2488
2492
2495
2492
2499
2491
2488
2495
2491
2495
2492
2492
2487
2483
2483
2488
2487
2483
2483
2483
2483
2491
2488
2492
2492
2496
2499
2496
2488
2488
2487
2487
2487
2491
2496
2495
2495
2500
2500
2492
2491
2492
2488
2483
2479
2479
2479
2475
2472
2476
2480
2479
2476
2480
2479
2480
2487
2488
2484
2484
2491
2491
2492
2491
2492
2495
2491
2488
2492
2492
2496
2495
2492
2492
2495
2492
2487
2488
2491
2487
2487
2484
2484
2483
2487
2487
2483
2480
2484
2484
2484
2484
2484
2484
2487
2480
2487
2488
2488
2488
2491
2488
2488
2491
2495
2492
2487
2487
2487
2491
2492
2492
2495
2491
2495
2496
2499
2496
2495
2499
2503
2503
2500
2503
2503
2500
2500
2500
2507
2499
2495
2496
2495
2496
2500
2499
2500
2500
2504
2508
2507
2507
2507
2504
2504
2496
2491
2487
2496
2496
2492
2491
2495
2503
2504
2496
2496
2499
2495
2495
2492
2487
2487
2487
2484
2484
2488
2491
2491
2492
2496
2492
2495
2491
2487
2488
2488
2480
2479
2483
2484
2487
2488
2487
2491
2500
2499
2496
2496
2496
2495
2491
2488
2495
2496
2491
2483
2487
2491
2491
2487
2480
2480
2487
2484
2480
2475
2471
2467
2464
2464
2463
2464
2468
2471
2472
2471
2472
2472
2479
2472
2475
2479
2483
2484
2487
2487
2488
2487
2484
2488
2491
2491
2492
2491
2488
2488
2492
2491
2488
2487
2488
2492
2495
2499
2495
2491
2495
2500
2503
2503
2499
2496
2491
2499
2500
2492
2491
2488
2492
2495
2492
2487
2488
2491
2496
2503
2504
2507
2508
2508
2508
2508
2507
2504
2504
2503
2504
2500
2503
2503
2507
2508
2504
2500
2507
2507
2500
2496
2492
2495
2495
2488
2488
2487
2492
2492
2487
2488
2495
2503
2496
2488
2488
2491
2484
2484
2487
2487
2484
2484
2484
2487
2488
2488
2484
2483
2487
2484
2484
2480
2479
2480
2487
2484
2479
2484
2483
2487
2488
2491
2488
2492
2492
2488
2487
2487
2488
2484
2484
2487
2488
2492
2491
2488
2491
2495
2491
2488
2487
2480
2483
2487
2491
2495
2492
2500
2508
2504
2504
2503
2503
2503
2496
2492
2496
2492
2491
2491
2491
2491
2487
2491
2495
2496
2492
2484
2488
2495
2492
2492
2491
2484
2487
2492
2495
2488
2487
2491
2492
2499
2496
2495
2491
2492
2496
2495
2488
2487
2491
2492
2487
2487
2488
2492
2487
2487
2487
2487
2491
2487
2476
2476
2476
2480
2476
2476
2476
2480
2487
2484
2480
2480
2476
2484
2480
2483
2476
2476
2472
2479
2479
2480
2487
2487
2492
2496
2499
2499
2503
2503
2499
2499
2503
2500
2499
2499
2496
2495
2495
2496
2496
2503
2499
2500
2496
2496
2496
2495
2495
2499
2492
2491
2488
2492
2492
2496
2495
2496
2499
2495
2495
2491
2496
2496
2492
2491
2491
2492
2491
2499
2496
2495
2500
2500
2496
2487
2491
2491
2492
2495
2499
2496
2496
2492
2495
2492
2492
2487
2487
2492
2499
2492
2492
2491
2492
2491
2488
2484
2484
2488
2484
2487
2487
2483
2483
2483
2487
2487
2483
2479
2483
2487
2492
2491
2487
2487
2487
2491
2492
2492
2491
2491
2488
2495
2500
2503
2495
2492
2491
2495
2495
2488
2488
2495
2496
2496
2492
2496
2499
2504
2503
2503
2499
2500
2491
2487
2480
2479
2480
2484
2487
2487
2491
2491
2492
2491
2492
2492
2488
2488
2492
2488
2484
2487
2488
2491
2491
2487
2488
2491
2491
2491
2492
2491
2488
2487
2484
2491
2491
2487
2484
2480
2487
2491
2495
2492
2491
2488
2487
2484
2484
2484
2484
2480
2483
2487
2488
2492
2492
2492
2496
2495
2491
2491
2491
2487
2483
2484
2491
2487
2491
2495
2495
2487
2484
2484
2488
2495
2492
2491
2484
2491
2491
2488
2491
2492
2496
2495
2491
2491
2488
2495
2492
2496
2496
2495
2491
2492
2492
2491
2488
2492
2496
2495
2488
2491
2492
2492
2496
2492
2488
2487
2483
2484
2488
2487
2487
2487
2487
2491
2492
2491
2491
2495
2500
2500
2496
2491
2491
2495
2495
2491
2488
2491
2488
2492
2495
2491
2488
2491
2492
2488
2491
2492
2495
2492
2495
2488
2483
2483
2487
2491
2495
2491
2491
2491
2484
2480
2480
2483
2480
2483
2484
2483
2487
2487
2487
2487
2488
2488
2491
2492
2491
2488
2484
2488
2491
2488
2492
2499
2499
2499
2500
2499
2499
2503
2503
2504
2503
2496
2496
2500
2503
2504
2504
2499
2496
2495
2495
2492
2491
2488
2484
2487
2487
2483
2483
2480
2479
2483
2484
2487
2488
2492
2491
2484
2488
2487
2483
2475
2475
2484
2484
2487
2491
2495
2492
2496
2499
2499
2495
2496
2496
2492
2491
2495
2491
2492
2492
2492
2495
2491
2496
2503
2504
2499
2492
2491
2488
2487
2488
2487
2484
2483
2487
2488
2491
2491
2487
2488
2492
2499
2492
2492
2495
2496
2495
2488
2483
2484
2483
2484
2484
2487
2487
2483
2480
2480
2479
2483
2484
2483
2484
2488
2484
2480
2480
2484
2487
2492
2492
2499
2500
2499
2499
2503
2508
2512
2508
2503
2500
2499
2500
2503
2503
2500
2500
2500
2503
2503
2499
2503
2496
2492
2491
2484
2483
2480
2484
2487
2483
2484
2483
2483
2484
2491
2491
2487
2487
2484
2480
2483
2484
2488
2491
2488
2487
2487
2488
2484
2488
2488
2488
2487
2487
2487
2480
2483
2484
2487
2484
2484
2487
2488
2492
2496
2499
2500
2492
2487
2491
2488
2487
2484
2488
2484
2488
2492
2492
2496
2503
2503
2507
2500
2491
2484
2483
2483
2483
2483
2487
2487
2488
2484
2487
2488
2488
2491
2495
2492
2491
2488
2488
2488
2484
2483
2484
2488
2492
2491
2488
2488
2491
2496
2496
2492
2484
2480
2484
2487
2491
2480
2479
2483
2491
2488
2487
2487
2488
2487
2484
2483
2487
2488
2488
2487
2496
2500
2500
2499
2500
2503
2495
2495
2496
2500
2500
2499
2495
2496
2496
2491
2496
2496
2495
2499
2499
2507
2507
2503
2504
2495
2495
2491
2488
2491
2487
2488
2495
2492
2492
2492
2491
2488
2487
2488
2492
2491
2487
2487
2483
2480
2484
2480
2479
2472
2475
2475
2479
2480
2483
2483
2475
2475
2479
2483
2487
2483
2480
2484
2483
2487
2487
2483
2487
2488
2487
2484
2487
2495
2492
2487
2491
2492
2496
2491
2483
2487
2487
2491
2491
2488
2488
2488
2488
2488
2492
2496
2492
2491
2492
2496
2499
2499
2491
2492
2504
2499
2499
2499
2499
2503
2504
2503
2495
2492
2492
2488
2487
2480
2483
2484
2483
2484
2484
2491
2488
2491
2492
2491
2488
2487
2484
2484
2484
2487
2487
2488
2488
2492
2496
2495
2495
2492
2491
2499
2496
2495
2496
2496
2492
2492
2492
2491
2491
2492
2491
2495
2491
2491
2495
2495
2487
2484
2492
2496
2495
2495
2500
2499
2499
2499
2495
2491
2492
2492
2492
2495
2495
2499
2499
2496
2492
2491
2487
2492
2491
2492
2487
2479
2479
2483
2479
2476
2475
2479
2472
2483
2492
2488
2488
2487
2487
2487
2487
2484
2483
2487
2487
2488
2488
2491
2488
2488
2491
2492
2496
2499
2495
2495
2495
2496
2495
2491
2491
2491
2487
2484
2492
2492
2495
2495
2496
2496
2495
2496
2496
2495
2496
2491
2496
2491
2487
2487
2483
2484
2487
2487
2487
2491
2492
2491
2491
2491
2491
2487
2484
2487
2488
2487
2488
2491
2491
2491
2495
2496
2496
2491
2491
2492
2492
2488
2487
2487
2484
2480
2475
2480
2492
2491
2487
2479
2480
2487
2484
2484
2479
2480
2483
2479
2480
2479
2483
2484
2483
2480
2480
2484
2488
2491
2492
2496
2495
2495
2496
2499
2491
2484
2487
2495
2492
2495
2499
2500
2499
2495
2499
2496
2499
2496
2496
2495
2495
2496
2492
2496
2488
2491
2500
2500
2496
2499
2492
2495
2492
2492
2492
2495
2496
2496
2496
2500
2487
2479
2476
2479
2479
2476
2476
2479
2483
2484
2492
2495
2491
2483
2483
2483
2479
2476
2479
2483
2488
2487
2488
2491
2488
2495
2496
2499
2499
2496
2487
2480
2488
2492
2495
2496
2499
2500
2499
2496
2503
2504
2500
2492
2499
2500
2499
2499
2503
2500
2503
2503
2500
2495
2496
2496
2499
2496
2499
2500
2495
2491
2488
2487
2488
2487
2488
2484
2479
2476
2483
2480
2483
2483
2483
2483
2479
2476
2480
2479
2480
2480
2483
2479
2476
2476
2476
2480
2483
2476
2471
2476
2476
2480
2480
2479
2483
2484
2487
2491
2491
2492
2491
2495
2499
2499
2504
2503
2508
2503
2503
2503
2500
2499
2492
2487
2488
2492
2492
2492
2496
2496
2499
2503
2496
2495
2492
2496
2492
2492
2495
2496
2495
2492
2491
2495
2495
2492
2491
2488
2496
2496
2499
2496
2495
2496
2492
2495
2491
2484
2487
2492
2492
2492
2492
2487
2492
2492
2492
2488
2487
2488
2488
2491
2488
2492
2488
2487
2492
2492
2495
2499
2496
2492
2483
2484
2483
2479
2475
2475
2479
2483
2479
2480
2491
2480
2483
2484
2488
2488
2491
2492
2495
2495
2491
2488
2495
2499
2496
2495
2487
2492
2495
2492
2492
2491
2491
2492
2492
2495
2495
2495
2492
2491
2488
2487
2484
2483
2491
2491
2491
2492
2495
2499
2491
2487
2483
2488
2487
2483
2487
2487
2484
2488
2491
2488
2484
2483
2488
2484
2484
2491
2492
2488
2488
2488
2488
2484
2484
2484
2491
2492
2491
2487
2487
2487
2487
2487
2487
2487
2495
2495
2496
2495
2492
2496
2495
2491
2492
2491
2487
2487
2495
2492
2488
2484
2491
2495
2495
2491
2488
2487
2491
2492
2499
2495
2491
2491
2495
2500
2500
2496
2496
2496
2500
2499
2495
2491
2496
2499
2492
2488
2483
2484
2492
2492
2495
2492
2487
2484
2479
2484
2488
2491
2491
2487
2488
2491
2484
2480
2475
2480
2480
2484
2487
2483
2480
2483
2479
2480
2483
2484
2484
2483
2484
2488
2488
2484
2488
2491
2492
2488
2492
2495
2499
2499
2496
2491
2487
2492
2496
2499
2492
2492
2495
2495
2499
2503
2503
2503
2500
2499
2499
2503
2500
2499
2492
2488
2488
2491
2496
2496
2495
2500
2503
2504
2503
2499
2496
2500
2496
2499
2499
2492
2492
2492
2492
2491
2492
2495
2488
2488
2488
2480
2476
2475
2479
2475
2475
2480
2479
2480
2480
2480
2483
2487
2488
2491
2484
2484
2488
2488
2492
2491
2488
2488
2491
2491
2487
2491
2488
2492
2495
2499
2496
2487
2487
2484
2487
2487
2479
2483
2484
2484
2483
2483
2484
2487
2487
2483
2488
2491
2488
2488
2487
2484
2483
2484
2484
2483
2483
2487
2487
2487
2484
2487
2491
2488
2487
2487
2488
2496
2496
2492
2484
2487
2492
2495
2496
2496
2491
2495
2495
2499
2496
2496
2504
2507
2504
2503
2499
2495
2495
2495
2495
2499
2496
2495
2499
2499
2503
2499
2492
2495
2499
2500
2495
2487
2483
2483
2484
2487
2487
2491
2488
2480
2483
2479
2479
2483
2484
2483
2487
2487
2491
2483
2480
2483
2483
2480
2487
2484
2487
2488
2487
2488
2488
2488
2487
2488
2492
2491
2488
2484
2488
2491
2491
2487
2491
2492
2495
2492
2492
2495
2495
2488
2488
2491
2495
2492
2488
2488
2492
2492
2496
2496
2495
2495
2503
2503
2495
2492
2495
2491
2487
2487
2495
2491
2483
2488
2488
2492
2488
2488
2495
2492
2491
2495
2495
2488
2491
2492
2492
2491
2492
2496
2495
2495
2492
2487
2483
2484
2487
2484
2487
2491
2491
2492
2492
2495
2492
2491
2488
2487
2488
2491
2491
2492
2488
2488
2487
2491
2491
2491
2496
2499
2499
2496
2492
2495
2491
2491
2491
2491
2487
2487
2480
2483
2480
2480
2483
2488
2491
2492
2492
2488
2487
2488
2491
2491
2484
2483
2487
2496
2496
2491
2487
2491
2491
2491
2483
2479
2484
2491
2491
2484
2484
2487
2491
2487
2483
2480
2484
2491
2491
2488
2488
2491
2488
2484
2487
2491
2488
2488
2487
2484
2483
2480
2488
2488
2488
2488
2491
2495
2500
2499
2496
2496
2496
2495
2495
2492
2488
2487
2491
2495
2492
2496
2496
2503
2504
2503
2499
2488
2495
2488
2480
2480
2483
2487
2491
2492
2492
2491
2491
2484
2487
2491
2488
2487
2484
2488
2487
2487
2488
2492
2491
2488
2495
2496
2491
2488
2491
2491
2491
2495
2499
2496
2495
2499
2496
2495
2492
2492
2491
2492
2492
2488
2487
2483
2483
2479
2479
2480
2483
2483
2479
2480
2483
2480
2487
2492
2492
2488
2483
2483
2484
2488
2491
2499
2496
2500
2503
2500
2503
2499
2496
2499
2499
2499
2496
2496
2500
2495
2488
2484
2492
2495
2495
2492
2491
2496
2499
2491
2488
2491
2491
2491
2483
2483
2480
2484
2488
2488
2488
2495
2495
2499
2495
2495
2499
2504
2500
2495
2492
2503
2503
2500
2499
2496
2495
2496
2496
2491
2491
2495
2492
2487
2484
2488
2495
2496
2492
2488
2488
2492
2491
2492
2488
2483
2483
2487
2484
2483
2480
2476
2476
2480
2488
2483
2479
2483
2480
2479
2476
2472
2472
2476
2480
2476
2475
2483
2488
2488
2491
2492
2488
2488
2487
2487
2483
2487
2491
2492
2492
2488
2496
2496
2492
2492
2499
2503
2496
2499
2496
2495
2492
2488
2492
2499
2496
2496
2492
2495
2499
2499
2503
2504
2504
2504
2504
2503
2500
2496
2496
2499
2503
2499
2503
2507
2499
2500
2507
2503
2503
2500
2492
2488
2487
2488
2488
2483
2483
2480
2484
2484
2480
2480
2480
2483
2480
2479
2483
2483
2484
2483
2480
2480
2476
2479
2483
2487
2487
2488
2484
2488
2488
2491
2484
2475
2472
2483
2484
2483
2484
2492
2499
2504
2500
2492
2496
2500
2503
2500
2500
2504
2511
2512
2508
2507
2507
2503
2495
2495
2495
2480
2480
2483
2476
2479
2476
2471
2468
2471
2476
2472
2476
2484
2484
2479
2472
2472
2476
2476
2479
2483
2480
2480
2496
2496
2492
2491
2488
2488
2488
2491
2495
2499
2504
2504
2499
2499
2500
2500
2496
2496
2495
2491
2488
2488
2499
2503
2496
2492
2500
2503
2503
2507
2504
2503
2508
2507
2507
2507
2507
2500
2499
2492
2495
2492
2492
2496
2495
2495
2495
2491
2487
2483
2480
2483
2484
