2496
2496
2496
2496
2496
2496
2496
2496
2496
2496
2496
2496
2496
2496
2496
2496
2496
2496
2496
2496
2496
2496
2496
2496
2496
2496
2496
2496
2496
2496
2496
2496
2496
2496
2496
2496
2496
2496
2496
2496
2496
2496
2496
2496
2496
2496
2496
2496
2496
2496
2496
2496
2496
2496
2496
2496
2496
2496
2496
2496
2496
2496
2496
2496
2496
2496
2496
2496
2496
2496
2496
2496
2496
2496
2496
2496
2496
2496
2496
2496
2496
2496
2496
2496
2496
2496
2496
2496
2496
2496
2496
2496
2496
2496
2496
2496
2496
2496
2496
2496
2496
2496
2496
2496
2496
2496
2496
2496
2496
2496
2496
2496
2496
2496
2496
2496
2496
2496
2496
2496
2496
2496
2496
2496
2496
2496
2496
2496
2496
2496
2496
2496
2496
2496
2496
2496
2496
2496
2496
2496
2496
2496
2496
2496
2496
2496
2496
2496
2496
2496
2496
2496
2496
2496
2496
2496
2496
2496
2496
2496
2496
2496
2496
2496
2496
2496
2496
2496
2496
2496
2496
2496
2496
2496
2496
2496
2496
2496
2496
2496
2496
2496
2496
2496
2496
2496
2496
2496
2496
2496
2496
2496
2496
2496
2496
2496
2496
2496
2496
2496
2496
2496
2496
2496
2496
2496
2496
2496
2496
2496
2496
2496
2496
2496
2496
2496
2496
2496
2496
2496
2496
2496
2496
2496
2496
2496
2496
2496
2496
2496
2496
2496
2496
2496
2496
2496
2496
2496
2496
2496
2496
2496
2496
2496
2496
2496
2496
2496
2496
2496
2496
2496
2496
2496
2496
2496
2496
2496
2496
2496
2496
2496
2496
2496
2496
2496
2496
2496
2496
2496
2496
2496
2496
2496
2496
2496
2496
2496
2496
2496
2496
2496
2496
2496
2496
2496
2496
2496
2496
2496
2496
2496
2496
2496
2496
2496
2496
2496
2496
2496
2496
2496
2496
2496
2496
2496
2496
2496
2496
2496
2496
2496
2496
2496
2496
2496
2496
2496
2496
2496
2496
2496
2496
2496
2496
2496
2496
2496
2496
2496
2496
2496
2496
2496
2496
2496
2496
2496
2496
2496
2496
2496
2496
2496
2496
2496
2496
2496
2496
2496
2496
2496
2496
2496
2496
2496
2496
2496
2496
2496
2496
2496
2496
2496
2496
2496
2496
2496
2496
2496
2496
2496
2496
2496
2496
2496
2496
2496
2496
2496
2496
2496
2496
2496
2496
2496
2496
2496
2496
2496
2496
2496
2496
2496
2496
2496
2496
2496
2496
2496
2496
2496
2496
2496
2496
2496
2496
2496
2496
2496
2496
2496
2496
2496
2496
2496
2496
2496
2496
2496
2496
2496
2496
2496
2496
2496
2496
2496
2496
2496
2496
2496
2496
2496
2496
2496
2496
2496
2496
2496
2496
2496
2496
2496
2496
2496
2496
2496
2496
2496
2496
2496
2496
2496
2496
2496
2496
2496
2496
2496
2496
2496
2496
2496
2496
2496
2496
2496
2496
2496
2496
2496
2496
2496
2496
2496
2496
2496
2496
2496
2496
2496
2496
2496
2496
2496
2496
2496
2496
2496
2496
2496
2496
2496
2496
2496
2496
2496
3295
3319
3296
3216
3099
3012
3036
3088
3036
2932
2891
2871
2868
2732
2507
2452
2600
2476
2232
2096
2039
2084
2112
2140
2147
2107
2223
2595
2792
2583
2204
1963
2059
2208
2300
2319
2256
2191
2151
2180
2268
2328
2311
2255
2224
2207
2208
2299
2415
2536
2788
2967
2876
2795
2807
2815
2851
2847
2807
2836
2904
2872
2703
2588
2600
2676
2703
2647
2551
2467
2395
2340
2312
2303
2300
2315
2324
2327
2316
2300
2275
2255
2256
2263
2224
2148
2080
2055
2091
2144
2200
2264
2299
2319
2379
2479
2608
2703
2735
2703
2723
2784
2839
2904
2903
2839
2792
2763
2736
2688
2628
2575
2551
2544
2560
2603
2663
2759
2883
3027
3160
3216
3144
3008
2948
2876
2851
2808
2731
2619
2475
2300
2184
2227
2315
2355
2383
2387
2372
2344
2304
2267
2220
2171
2155
2192
2284
2380
2452
2511
2539
2516
2487
2484
2500
2467
2423
2372
2424
2511
2495
2488
2543
2623
2611
2459
2216
2200
2308
2332
2291
2268
2255
2136
2040
2012
2016
2119
2180
2103
2011
2008
2003
2052
2127
2156
2199
2363
2475
2439
2360
2299
2284
2307
2351
2411
2472
2527
2563
2584
2588
2580
2583
2587
2596
2603
2616
2639
2660
2684
2707
2727
2755
2787
2847
2895
2915
2904
2876
2848
2827
2800
2767
2679
2552
2512
2500
2536
2584
2623
2644
2647
2624
2607
2611
2591
2576
2568
2563
2539
2479
2435
2464
2520
2584
2700
2764
2719
2636
2680
2824
2924
3079
3224
3064
2947
3044
3111
2995
2716
2576
2824
3047
3004
2868
2692
2540
2420
2363
2323
2235
2080
1955
1899
1960
2036
2063
2112
2084
1936
1887
2031
2231
2403
2484
2451
2300
2160
2076
2079
2071
2072
2120
2192
2248
2268
2231
2076
1871
2004
2303
2316
2168
2216
2339
2464
2491
2468
2416
2376
2383
2395
2399
2440
2504
2535
2532
2511
2519
2544
2580
2611
2636
2671
2707
2751
2803
2824
2859
2875
2863
2843
2819
2803
2787
2779
2776
2771
2756
2724
2683
2639
2607
2595
2595
2596
2611
2627
2644
2652
2663
2671
2680
2680
2675
2647
2607
2575
2543
2512
2479
2424
2376
2339
2304
2268
2228
2200
2196
2243
2303
2327
2375
2464
2467
2383
2360
2415
2415
2331
2195
2200
2187
2208
2175
2092
2008
1996
2035
2064
2076
2071
2095
2168
2348
2552
2651
2608
2488
2439
2456
2503
2612
2735
2767
2676
2640
2752
2831
2828
2851
2912
2895
2836
2839
2855
2864
2859
2852
2820
2760
2679
2540
2380
2283
2327
2404
2412
2347
2328
2323
2335
2335
2307
2252
2164
2059
2024
2107
2272
2440
2564
2620
2644
2708
2823
2895
2871
2780
2723
2712
2696
2640
2572
2499
2423
2352
2300
2267
2264
2287
2324
2359
2399
2431
2443
2448
2459
2460
2455
2439
2432
2435
2435
2427
2423
2420
2419
2423
2435
2436
2444
2451
2460
2483
2507
2532
2548
2552
2552
2539
2531
2488
2379
2251
2219
2311
2484
2595
2664
2711
2724
2719
2715
2707
2687
2644
2571
2496
2452
2451
2480
2527
2579
2591
2515
2295
2056
2056
2216
2363
2456
2419
2399
2396
2400
2411
2451
2496
2508
2456
2403
2320
2375
2503
2639
2719
2732
2728
2711
2680
2656
2623
2587
2540
2491
2448
2427
2436
2468
2496
2491
2500
2547
2615
2663
2672
2660
2635
2616
2600
2580
2560
2543
2520
2499
2480
2479
2484
2483
2468
2456
2440
2428
2435
2460
2495
2531
2563
2579
2588
2587
2587
2576
2560
2547
2528
2531
2539
2568
2599
2619
2604
2564
2495
2423
2416
2495
2567
2564
2499
2432
2395
2355
2296
2252
2224
2220
2223
2223
2195
2159
2144
2172
2236
2304
2351
2344
2319
2259
2131
1996
2000
2196
2427
2564
2627
2659
2699
2748
2775
2771
2747
2739
2723
2704
2676
2651
2627
2616
2607
2604
2595
2576
2568
2575
2591
2596
2587
2576
2576
2583
2587
2572
2535
2492
2455
2447
2463
2507
2559
2595
2608
2615
2608
2587
2575
2563
2551
2540
2531
2520
2511
2504
2499
2495
2496
2500
2500
2499
2499
2483
2464
2440
2432
2415
2396
2380
2368
2363
2360
2363
2360
2367
2376
2384
2395
2400
2399
2403
2400
2400
2403
2412
2428
2451
2476
2504
2527
2544
2556
2560
2543
2520
2499
2508
2551
2607
2652
2679
2675
2648
2623
2595
2575
2563
2552
2544
2536
2532
2531
2524
2523
2523
2520
2519
2515
2503
2491
2479
2464
2448
2443
2440
2447
2444
2444
2451
2452
2448
2444
2448
2444
2444
2439
2439
2432
2427
2420
2408
2408
2415
2416
2423
2432
2440
2444
2447
2451
2456
2456
2456
2452
2452
2452
2451
2440
2436
2439
2435
2427
2427
2435
2443
2447
2452
2463
2467
2464
2471
2476
2487
2487
2480
2480
2483
2484
2487
2488
2500
2503
2504
2511
2515
2516
2520
2527
2524
2523
2528
2532
2527
2520
2516
2512
2512
2511
2508
2504
2503
2504
2503
2495
2496
2499
2499
2495
2495
2496
2504
2507
2504
2507
2512
2511
2511
2512
2516
2512
2512
2515
2516
2508
2503
2500
2499
2491
2488
2491
2487
2476
2480
2491
2491
2491
2492
2491
2492
2495
2495
2491
2487
2484
2488
2488
2491
2495
2500
2504
2512
2511
2511
2512
2507
2504
2503
2496
2495
2492
2491
2492
2491
2491
2500
2504
2515
2524
2524
2528
2520
2504
2500
2527
2572
2615
2640
2640
2616
2604
2607
2592
2539
2511
2503
2451
2420
2440
2487
2568
2639
2600
2464
2327
2255
2224
2216
2228
2284
2355
2396
2387
2348
2315
2292
2259
2220
2192
2191
2212
2271
2343
2407
2460
2508
2580
2679
2764
2800
2799
2776
2732
2683
2648
2651
2679
2695
2712
2716
2695
2667
2640
2623
2604
2588
2571
2563
2556
2551
2540
2535
2524
2515
2503
2487
2467
2448
2432
2416
2399
2384
2376
2364
2363
2368
2372
2363
2352
2355
2359
2360
2359
2367
2376
2388
2403
2407
2404
2403
2396
2392
2383
2375
2371
2371
2367
2368
2371
2375
2379
2387
2399
2408
2419
2420
2420
2424
2436
2439
2436
2440
2443
2448
2459
2467
2483
2495
2504
2516
2531
2543
2556
2563
2568
2583
2595
2603
2612
2619
2631
2636
2644
2643
2636
2624
2607
2587
2563
2536
2511
2488
2479
2468
2460
2456
2464
2479
2500
2515
2528
2532
2535
2536
2535
2539
2540
2540
2543
2552
2563
2564
2572
2584
2592
2592
2591
2584
2580
2576
2579
2579
2576
2575
2568
2571
2575
2579
2571
2551
2531
2519
2507
2500
2499
2503
2507
2508
2515
2512
2508
2499
2492
2487
2476
2471
2460
2448
2444
2439
2439
2443
2443
2443
2444
2448
2452
2452
2456
2459
2472
2479
2480
2472
2475
2480
2484
2484
2491
2491
2488
2484
2483
2484
2491
2487
2480
2484
2491
2488
2483
2483
2484
2483
2475
2475
2472
2479
2479
2475
2471
2472
2475
2472
2475
2475
2476
2476
2476
2476
2476
2483
2479
2475
2475
2479
2480
2479
2483
2484
2484
2480
2483
2480
2480
2484
2484
2484
2483
2480
2483
2491
2495
2491
2487
2487
2495
2492
2496
2492
2488
2488
2484
2488
2484
2476
2475
2475
2472
2467
2467
2464
2459
2444
2444
2444
2443
2439
2432
2428
2424
2424
2424
2419
2423
2424
2423
2419
2419
2427
2427
2431
2432
2435
2439
2436
2443
2447
2447
2451
2464
2464
2460
2464
2476
2479
2488
2492
2496
2495
2499
2508
2516
2519
2524
2531
2539
2536
2543
2543
2548
2552
2556
2563
2564
2564
2571
2575
2572
2571
2567
2564
2568
2567
2563
2556
2555
2552
2552
2544
2539
2535
2531
2531
2528
2527
2523
2519
2519
2515
2512
2511
2511
2507
2503
2500
2496
2488
2495
2492
2495
2492
2484
2484
2487
2484
2480
2476
2479
2484
2484
2484
2483
2483
2484
2484
2487
2487
2488
2488
2484
2484
2484
2487
2487
2488
2488
2484
2483
2487
2488
2492
2495
2491
2491
2496
2499
2492
2491
2491
2492
2491
2492
2492
2495
2491
2484
2488
2488
2487
2491
2491
2487
2484
2492
2496
2491
2483
2487
2488
2487
2488
2491
2491
2491
2491
2488
2491
2487
2488
2488
2488
2491
2488
2483
2480
2479
2480
2480
2479
2483
2480
2476
2476
2479
2472
2472
2476
2479
2475
2475
2476
2479
2479
2476
2476
2476
2479
2476
2472
2475
2476
2480
2479
2479
2472
2471
2471
2475
2475
2476
2472
2475
2475
2475
2476
2480
2479
2479
2479
2480
2483
2484
2484
2484
2480
2487
2491
2488
2484
2488
2495
2496
2488
2484
2484
2487
2484
2484
2483
2488
2488
2487
2484
2483
2483
2480
2480
2479
2479
2480
2476
2476
2479
2487
2487
2484
2483
2479
2483
2487
2488
2491
2492
2492
2492
2491
2484
2488
2487
2488
2487
2484
2488
2488
2487
2480
2480
2487
2487
2487
2480
2483
2480
2483
2476
2479
2475
2475
2475
2476
2480
2475
2475
2476
2476
2472
2471
2468
2472
2471
2472
2471
2471
2475
2480
2487
2488
2488
2495
2492
2495
2503
2503
2504
2503
2504
2503
2507
2508
2508
2508
2508
2512
2512
2511
2512
2515
2512
2508
2515
2511
2508
2504
2503
2503
2507
2515
2515
2512
2512
2508
2512
2519
2516
2520
2516
2512
2515
2519
2515
2516
2516
2515
2516
2520
2516
2516
2524
2523
2516
2519
2516
2512
2511
2512
2511
2508
2507
2503
2507
2508
2507
2507
2504
2504
2504
2504
2496
2491
2492
2492
2491
2488
2487
2488
2495
2495
2491
2487
2487
2491
2495
2492
2488
2491
2488
2487
2487
2488
2484
2483
2483
2488
2492
2492
2487
2483
2484
2487
2483
2479
2479
2476
2476
2480
2483
2480
2479
2483
2479
2479
2483
2484
2483
2483
2487
2488
2487
2483
2483
2483
2480
2480
2483
2487
2488
2484
2484
2487
2491
2488
2487
2487
2488
2491
2487
2483
2484
2487
2488
2480
2484
2488
2487
2487
2487
2487
2492
2491
2487
2487
2487
2484
2487
2487
2484
2483
2483
2484
2483
2475
2475
2476
2480
2476
2479
2483
2475
2472
2476
2483
2476
2472
2479
2479
2476
2479
2480
2479
2479
2475
2472
2471
2472
2479
2475
2472
2472
2475
2476
2476
2479
2483
2480
2480
2480
2480
2483
2479
2483
2484
2488
2483
2487
2488
2491
2491
2491
2492
2495
2491
2499
2503
2500
2496
2496
2500
2500
2500
2499
2503
2507
2503
2500
2504
2504
2504
2507
2504
2507
2507
2508
2508
2508
2511
2511
2507
2504
2507
2504
2499
2499
2508
2512
2508
2504
2507
2512
2511
2508
2504
2507
2507
2500
2504
2504
2504
2503
2507
2508
2508
2503
2496
2499
2499
2507
2500
2495
2492
2491
2491
2495
2491
2487
2484
2483
2487
2483
2484
2483
2483
2479
2472
2476
2475
2468
2467
2471
2471
2471
2468
2467
2471
2468
2471
2471
2472
2475
2472
2475
2471
2471
2472
2476
2479
2472
2472
2479
2480
2487
2488
2487
2483
2484
2487
2487
2487
2487
2483
2487
2495
2491
2491
2488
2492
2492
2496
2499
2496
2496
2495
2496
2495
2491
2495
2496
2495
2496
2500
2500
2503
2499
2495
2503
2503
2499
2495
2495
2491
2488
2492
2495
2491
2495
2499
2496
2495
2495
2496
2496
2492
2492
2491
2495
2495
2495
2495
2491
2491
2491
2488
2483
2487
2488
2491
2487
2487
2483
2488
2495
2495
2492
2491
2484
2488
2483
2480
2479
2483
2484
2484
2487
2491
2484
2488
2491
2487
2484
2483
2487
2487
2484
2487
2484
2488
2491
2495
2495
2488
2491
2495
2499
2496
2496
2495
2491
2488
2487
2491
2492
2496
2496
2495
2491
2491
2492
2495
2495
2495
2495
2499
2495
2495
2496
2500
2499
2500
2499
2499
2503
2503
2503
2500
2495
2496
2499
2503
2499
2499
2496
2492
2495
2496
2499
2496
2492
2495
2495
2492
2492
2496
2491
2491
2487
2488
2491
2487
2488
2491
2491
2487
2480
2483
2484
2484
2476
2475
2480
2483
2479
2480
2483
2480
2487
2484
2476
2479
2484
2487
2480
2476
2480
2483
2487
2484
2487
2491
2491
2483
2484
2487
2487
2487
2487
2487
2487
2483
2488
2492
2495
2488
2487
2488
2488
2491
2487
2487
2492
2491
2491
2491
2492
2491
2488
2491
2491
2491
2487
2483
2487
2487
2487
2484
2488
2484
2488
2488
2488
2484
2484
2491
2495
2492
2492
2492
2488
2487
2492
2495
2495
2492
2496
2492
2496
2499
2495
2488
2496
2500
2500
2496
2499
2499
2503
2503
2503
2504
2504
2503
2504
2508
2507
2507
2503
2507
2504
2504
2507
2504
2503
2507
2508
2511
2503
2503
2508
2508
2511
2503
2499
2500
2503
2503
2499
2495
2495
2499
2496
2495
2499
2503
2500
2496
2495
2495
2495
2492
2492
2492
2487
2487
2487
2487
2491
2491
2491
2491
2492
2483
2484
2488
2488
2488
2487
2484
2480
2480
2483
2479
2476
2475
2479
2480
2483
2487
2483
2484
2484
2484
2483
2483
2483
2483
2476
2480
2483
2476
2480
2480
2483
2484
2480
2480
2479
2479
2475
2480
2484
2483
2480
2483
2483
2484
2484
2484
2484
2484
2484
2487
2487
2484
2484
2484
2488
2487
2483
2484
2488
2488
2491
2491
2488
2488
2491
2491
2491
2491
2488
2491
2492
2488
2487
2487
2491
2492
2488
2487
2495
2495
2495
2495
2495
2492
2492
2492
2492
2492
2487
2495
2496
2495
2492
2492
2496
2499
2496
2495
2496
2492
2495
2495
2492
2492
2492
2492
2491
2495
2492
2492
2488
2495
2499
2496
2491
2496
2496
2495
2495
2496
2495
2491
2492
2491
2495
2488
2488
2491
2495
2495
2491
2492
2495
2496
2492
2491
2488
2487
2492
2491
2487
2487
2488
2491
2492
2491
2491
2492
2496
2492
2495
2492
2491
2496
2496
2488
2487
2491
2492
2491
2488
2491
2496
2495
2492
2488
2495
2496
2491
2491
2492
2492
2492
2491
2491
2491
2496
2495
2495
2495
2496
2495
2495
2492
2495
2499
2492
2488
2492
2491
2492
2488
2491
2496
2503
2499
2492
2496
2495
2499
2496
2499
2496
2492
2492
2495
2496
2495
2491
2492
2492
2495
2492
2492
2496
2495
2492
2488
2492
2491
2491
2491
2492
2487
2484
2487
2492
2491
2487
2488
2488
2491
2492
2491
2488
2488
2488
2488
2492
2491
2491
2492
2491
2487
2492
2492
2491
2480
2484
2488
2491
2488
2492
2491
2488
2487
2488
2487
2487
2484
2488
2492
2491
2488
2488
2491
2491
2488
2491
2488
2495
2492
2492
2495
2495
2495
2492
2488
2487
2491
2492
2491
2496
2495
2488
2488
2491
2491
2488
2484
2488
2488
2488
2488
2492
2491
2487
2491
2492
2495
2495
2491
2491
2488
2492
2491
2492
2488
2491
2491
2491
2488
2488
2492
2491
2492
2491
2492
2492
2495
2492
2492
2488
2484
2487
2488
2487
2488
2488
2488
2488
2484
2491
2491
2491
2491
2491
2492
2492
2492
2488
2492
2492
2487
2484
2488
2488
2491
2491
2492
2488
2495
2495
2492
2492
2492
2491
2492
2492
2495
2500
2496
2492
2487
2491
2495
2492
2488
2487
2495
2495
2495
2495
2492
2488
2484
2488
2492
2495
2488
2488
2492
2492
2488
2484
2492
2492
2491
2491
2492
2491
2491
2488
2492
2495
2492
2491
2488
2487
2491
2491
2488
2487
2488
2487
2487
2492
2492
2491
2487
2487
2491
2488
2488
2488
2487
2488
2492
2495
2487
2487
2487
2491
2488
2491
2492
2495
2491
2487
2484
2488
2487
2488
2487
2488
2488
2491
2487
2484
2484
2484
2487
2491
2495
2495
2487
2488
2487
2492
2495
2487
2487
2487
2488
2491
2488
2484
2488
2488
2491
2491
2487
2488
2487
2491
2492
2491
2491
2492
2491
2487
2487
2487
2492
2495
2492
2492
2488
2488
2488
2491
2491
2487
2492
2491
2484
2487
2491
2491
2491
2491
2492
2491
2491
2492
2492
2488
2488
2487
2492
2488
2484
2491
2492
2495
2495
2488
2488
2492
2496
2495
2491
2496
2495
2495
2488
2484
2487
2492
2491
2491
2495
2496
2495
2496
2496
2499
2499
2496
2495
2499
2499
2499
2492
2488
2491
2496
2492
2495
2492
2496
2495
2499
2500
2499
2496
2496
2496
2499
2500
2503
2500
2499
2495
2499
2499
2496
2492
2492
2492
2495
2495
2499
2500
2496
2496
2492
2492
2492
2492
2488
2491
2491
2488
2492
2492
2487
2487
2487
2491
2488
2491
2491
2492
2491
2488
2487
2492
2491
2491
2484
2484
2487
2487
2483
2484
2487
2488
2488
2488
2488
2487
2484
2484
2487
2483
2483
2487
2484
2480
2484
2488
2488
2492
2487
2488
2487
2487
2487
2487
2487
2491
2488
2487
2487
2491
2492
2492
2492
2487
2487
2491
2488
2488
2487
2492
2495
2491
2491
2488
2487
2491
2495
2492
2484
2488
2491
2492
2496
2491
2491
2488
2488
2491
2491
2492
2495
2492
2492
2488
2487
2491
2491
2488
2488
2487
2487
2484
2488
2495
2495
2488
2487
2488
2491
2491
2488
2488
2491
2491
2488
2491
2488
2492
2491
2488
2495
2496
2492
2488
2491
2488
2491
2495
2495
2487
2491
2495
2495
2496
2496
2491
2488
2487
2491
2495
2491
2488
2492
2492
2491
2488
2491
2488
2487
2484
2488
2492
2491
2488
2488
2492
2492
2488
2488
2488
2488
2487
2483
2484
2484
2491
2488
2487
2487
2487
2491
2492
2491
2495
2487
2487
2495
2495
2484
2480
2487
2491
2492
2491
2492
2495
2495
2495
2495
2491
2488
2491
2492
2492
2491
2488
2488
2492
2492
2491
2487
2488
2495
2499
2492
2495
2492
2495
2499
2495
2488
2488
2491
2496
2491
2492
2495
2495
2496
2499
2496
2496
2492
2491
2491
2491
2491
2488
2492
2496
2491
2495
2495
2492
2492
2495
2492
2492
2491
2492
2491
2491
2488
2487
2491
2492
2491
2487
2492
2495
2492
2491
2491
2492
2495
2492
2491
2491
2492
2492
2495
2491
2487
2484
2491
2492
2496
2491
2491
2492
2491
2491
2495
2492
2492
2492
2488
2492
2492
2492
2491
2492
2487
2487
2495
2499
2492
2492
2496
2495
2495
2491
2487
2488
2492
2488
2488
2492
2491
2492
2492
2495
2495
2495
2492
2492
2491
2491
2487
2487
2491
2488
2488
2492
2491
2495
2492
2491
2491
2491
2487
2491
2487
2488
2491
2487
2483
2487
2488
2488
2487
2488
2491
2491
2487
2487
2487
2487
2480
2483
2487
2484
2479
2479
2483
2487
2484
2480
2479
2479
2483
2484
2483
2484
2487
2488
2484
2484
2487
2484
2483
2483
2480
2484
2487
2487
2487
2487
2487
2491
2492
2488
2483
2483
2488
2488
2487
2487
2491
2491
2491
2487
2491
2491
2492
2495
2488
2491
2488
2491
2491
2492
2491
2492
2495
2492
2495
2495
2496
2496
2496
2499
2496
2496
2496
2496
2492
2496
2495
2495
2495
2496
2499
2499
2496
2496
2500
2500
2496
2500
2500
2500
2496
2492
2492
2496
2492
2491
2491
2495
2499
2496
2499
2492
2492
2499
2499
2491
2484
2491
2495
2496
2495
2495
2495
2496
2499
2492
2491
2492
2495
2495
2495
2495
2492
2491
2495
2495
2491
2491
2488
2488
2491
2492
2487
2488
2492
2491
2491
2488
2484
2484
2491
2491
2487
2480
2484
2495
2495
2488
2487
2487
2487
2487
2488
2487
2484
2488
2488
2487
2488
2492
2488
2480
2487
2487
2491
2484
2484
2483
2484
2484
2483
2487
2488
2492
2491
2484
2484
2491
2488
2487
2491
2488
2488
2488
2488
2487
2487
2487
2484
2483
2491
2488
2487
2487
2487
2484
2487
2487
2491
2491
2487
2487
2488
2488
2488
2492
2488
2488
2488
2492
2488
2487
2491
2492
2496
2495
2492
2492
2491
2495
2491
2491
2492
2492
2495
2492
2487
2484
2488
2488
2487
2484
2488
2487
2491
2491
2491
2488
2488
2492
2491
2495
2495
2491
2492
2492
2484
2488
2492
2491
2491
2492
2491
2491
2495
2495
2499
2496
2495
2495
2492
2492
2492
2488
2488
2495
2496
2492
2495
2492
2491
2491
2488
2488
2491
2491
2488
2491
2492
2488
2487
2488
2488
2491
2492
2492
2488
2492
2495
2488
2487
2488
2484
2483
2487
2491
2487
2484
2491
2484
2484
2488
2487
2483
2484
2488
2488
2487
2487
2487
2487
2487
2488
2488
2492
2488
2487
2491
2492
2495
2491
2491
2491
2491
2495
2492
2487
2496
2495
2488
2484
2491
2491
2487
2491
2488
2488
2488
2488
2488
2491
2491
2488
2491
2492
2495
2495
2488
2488
2488
2491
2488
2488
2484
2492
2500
2495
2488
2499
2499
2491
2488
2491
2492
2491
2488
2488
2491
2487
2487
2491
2495
2499
2495
2500
2500
2496
2492
2492
2496
2496
2491
2491
2495
2499
2495
2495
2492
2492
2496
2495
2495
2499
2496
2492
2492
2496
2492
2495
2488
2488
2491
2492
2491
2491
2491
2491
2496
2499
2496
2495
2496
2492
2492
2491
2496
2496
2495
2491
2491
2488
2487
2491
2488
2488
2492
2492
2492
2488
2491
2492
2496
2487
2483
2484
2484
2483
2484
2480
2480
2484
2487
2483
2484
2488
2492
2491
2487
2484
2487
2483
2480
2483
2488
2483
2476
2483
2491
2488
2488
2487
2491
2487
2487
2488
2491
2487
2487
2488
2483
2483
2487
2488
2491
2492
2488
2487
2491
2488
2491
2484
2488
2491
2488
2488
2488
2488
2492
2491
2487
2484
2491
2488
2492
2496
2488
2487
2492
2496
2495
2491
2492
2491
2491
2492
2495
2495
2491
2492
2496
2495
2491
2491
2492
2496
2495
2496
2499
2500
2496
2495
2492
2491
2491
2492
2495
2491
2491
2491
2496
2491
2488
2491
2488
2488
2488
2488
2495
2491
2488
2492
2492
2488
2487
2488
2488
2487
2488
2487
2488
2488
2492
2491
2487
2492
2488
2491
2492
2484
2483
2480
2483
2487
2487
2488
2488
2491
2487
2487
2487
2491
2492
2488
2484
2483
2488
2491
2484
2480
2480
2484
2487
2487
2487
2491
2484
2491
2488
2488
2488
2487
2487
2487
2484
2487
2487
2488
2484
2487
2491
2495
2491
2491
2492
2495
2492
2488
2492
2495
2492
2491
2491
2491
2491
2488
2492
2492
2495
2495
2491
2491
2491
2495
2496
2491
2488
2488
2491
2492
2491
2488
2488
2491
2495
2499
2495
2492
2496
2499
2491
2487
2488
2491
2488
2488
2488
2492
2492
2491
2492
2495
2495
2499
2492
2491
2499
2492
2491
2491
2491
2488
2488
2491
2488
2491
2491
2495
2491
2492
2491
2492
2492
2495
2495
2491
2487
2491
2491
2487
2487
2491
2491
2487
2488
2491
2492
2492
2495
2491
2491
2491
2488
2487
2484
2487
2488
2484
2487
2484
2491
2495
2492
2488
2487
2488
2488
2487
2484
2483
2484
2488
2487
2488
2484
2491
2491
2492
2491
2492
2491
2488
2483
2487
2487
2484
2483
2480
2484
2487
2491
2491
2492
2492
2492
2491
2492
2495
2491
2492
2487
2488
2488
2491
2488
2487
2487
2492
2492
2491
2492
2499
2496
2495
2492
2495
2495
2491
2488
2487
2495
2496
2491
2487
2492
2496
2496
2492
2496
2496
2492
2492
2496
2495
2492
2487
2487
2488
2492
2488
2488
2492
2492
2496
2499
2496
2495
2495
2492
2492
2488
2488
2488
2492
2491
2487
2484
2488
2491
2496
2492
2491
2488
2492
2492
2492
2488
2488
2488
2491
2487
2488
2492
2495
2492
2491
2491
2488
2488
2487
2491
2495
2495
2488
2483
2491
2492
2491
2488
2488
2483
2484
2492
2492
2487
2484
2484
2483
2488
2491
2491
2483
2480
2484
2488
2488
2487
2487
2492
2492
2487
2488
2487
2491
2495
2488
2484
2487
2488
2492
2488
2492
2491
2487
2487
2487
2492
2495
2487
2488
2488
2488
2487
2487
2488
2492
2487
2484
2492
2495
2491
2487
2488
2496
2492
2491
2488
2491
2495
2495
2491
2491
2495
2488
2488
2492
2492
2491
2487
2492
2492
2491
2491
2491
2492
2491
2491
2492
2492
2492
2488
2488
2492
2495
2491
2487
2492
2492
2491
2491
2492
2492
2491
2491
2492
2495
2492
2488
2488
2491
2487
2488
2492
2496
2495
2491
2492
2496
2495
2487
2491
2491
2484
2491
2492
2492
2491
2487
2488
2491
2495
2495
2491
2488
2495
2496
2492
2488
2492
2487
2492
2492
2492
2492
2492
2488
2491
2488
2492
2496
2496
2492
2488
2491
2492
2492
2491
2488
2492
2491
2491
2492
2492
2492
2492
2488
2492
2488
2491
2488
2491
2495
2491
2488
2491
2491
2488
2491
2491
2492
2492
2488
2491
2492
2488
2491
2487
2488
2492
2492
2491
2495
2492
2492
2492
2495
2495
2492
2492
2495
2495
2492
2492
2488
2488
2488
2491
2492
2491
2487
2488
2491
2491
2488
2488
2488
2487
2488
2492
2495
2495
2488
2487
2491
2487
2487
2487
2488
2492
2492
2492
2491
2491
2491
2492
2492
2491
2492
2488
2483
2484
2488
2488
2487
2484
2488
2491
2484
2484
2491
2495
2491
2488
2491
2488
2483
2487
2488
2488
2487
2492
2488
2487
2491
2491
2488
2487
2492
2495
2492
2488
2491
2488
2491
2488
2484
2479
2491
2495
2491
2488
2492
2491
2495
2492
2492
2495
2491
2491
2488
2491
2495
2492
2492
2492
2492
2499
2495
2492
2488
2495
2499
2491
2487
2491
2495
2492
2491
2491
2488
2492
2495
2492
2492
2491
2491
2488
2488
2487
2492
2496
2495
2488
2484
2487
2488
2491
2492
2491
2492
2491
2492
2491
2492
2491
2492
2492
2491
2491
2491
2495
2492
2491
2495
2492
2492
2483
2480
2484
2492
2488
2483
2480
2484
2487
2488
2488
2488
2491
2491
2492
2495
2491
2491
2492
2491
2487
2488
2484
2484
2492
2495
2492
2484
2487
2491
2491
2488
2492
2495
2495
2495
2491
2492
2491
2487
2487
2488
2491
2487
2487
2492
2492
2491
2488
2495
2495
2492
2495
2491
2495
2491
2491
2488
2488
2491
2492
2491
2491
2491
2492
2495
2492
2495
2492
2488
2492
2496
2495
2491
2491
2492
2491
2492
2491
2488
2488
2492
2495
2496
2492
2491
2491
2492
2492
2491
2492
2495
2492
2495
2491
2487
2487
2483
2491
2491
2491
2495
2495
2496
2496
2495
2491
2487
2488
2488
2491
2496
2499
2492
2487
2491
2491
2496
2492
2491
2491
2491
2488
2488
2492
2491
2488
2491
2488
2491
2488
2491
2492
2495
2492
2487
2484
2487
2488
2484
2483
2487
2488
2488
2488
2492
2492
2492
2488
2488
2488
2492
2488
2487
2480
2480
2483
2488
2487
2487
2487
2488
2491
2492
2495
2491
2492
2491
2492
2492
2488
2488
2492
2492
2491
2484
2487
2495
2491
2491
2488
2491
2492
2492
2488
2484
2487
2491
2488
2487
2487
2487
2487
2488
2491
2491
2491
2492
2492
2491
2488
2492
2492
2487
2483
2487
2491
2488
2487
2487
2488
2495
2491
2488
2488
2487
2487
2492
2492
2488
2491
2488
2488
2491
2491
2488
2491
2492
2487
2488
2492
2495
2491
2492
2492
2491
2491
2495
2495
2492
2488
2491
2491
2492
2492
2487
2488
2495
2495
2495
2492
2495
2492
2496
2492
2491
2491
2495
2495
2488
2488
2492
2492
2488
2496
2492
2492
2495
2496
2492
2484
2484
2491
2495
2495
2491
2495
2487
2484
2483
2491
2495
2492
2488
2487
2488
2495
2496
2495
2488
2487
2492
2492
2492
2495
2488
2491
2492
2492
2492
2495
2495
2491
2491
2496
2496
2500
2496
2495
2495
2495
2488
2492
2492
2491
2491
2488
2487
2491
2491
2491
2495
2492
2492
2492
2495
2496
2491
2484
2484
2492
2495
2496
2492
2491
2488
2491
2492
2492
2488
2492
2492
2491
2488
2495
2492
2488
2484
2488
2492
2491
2488
2491
2491
2491
2484
2487
2492
2492
2487
2487
2487
2484
2488
2488
2491
2487
2487
2487
2491
2488
2488
2487
2484
2483
2491
2492
2492
2488
2487
2491
2488
2488
2488
2487
2484
2488
2488
2484
2484
2483
2483
2484
2487
2488
2487
2487
2487
2487
2487
2488
2488
2484
2480
2484
2484
2488
2488
2487
2491
2487
2492
2492
2488
2488
2492
2495
2492
2488
2483
2484
2491
2491
2487
2484
2491
2488
2483
2487
2492
2499
2492
2491
2492
2495
2495
2495
2495
2487
2488
2491
2491
2488
2488
2491
2484
2487
2495
2491
2492
2488
2491
2492
2491
2484
2484
2491
2491
2491
2488
2488
2488
2488
2491
2488
2491
2491
2491
2488
2492
2491
2491
2495
2499
2492
2491
2495
2496
2495
2492
2496
2503
2499
2492
2495
2495
2496
2496
2492
2492
2495
2496
2496
2500
2499
2496
2496
2499
2495
2491
2488
2499
2499
2492
2492
2491
2492
2491
2491
2488
2495
2500
2496
2491
2488
2492
2495
2495
2496
2492
2495
2495
2492
2491
2488
2492
2491
2491
2495
2492
2492
2487
2491
2495
2496
2492
2487
2488
2491
2495
2491
2487
2487
2487
2487
2488
2492
2492
2488
2496
2496
2495
2492
2491
2491
2487
2487
2491
2488
2491
2488
2492
2492
2492
2491
2488
2491
2491
2492
2495
2488
2488
2487
2488
2491
2488
2484
2488
2487
2483
2483
2484
2483
2476
2480
2483
2484
2487
2487
2487
2484
2488
2484
2487
2484
2483
2487
2483
2480
2484
2487
2488
2488
2487
2484
2487
2488
2488
2491
2495
2488
2487
2487
2491
2491
2492
2488
2488
2487
2495
2495
2492
2492
2492
2496
2496
2491
2491
2492
2492
2491
2492
2491
2492
2495
2492
2491
2491
2495
2495
2499
2499
2495
2496
2492
2491
2491
2488
2491
2492
2491
2488
2491
2495
2492
2491
2495
2496
2492
2495
2495
2492
2495
2492
2491
2495
2496
2492
2487
2488
2492
2488
2488
2492
2495
2496
2491
2496
2496
2492
2496
2499
2491
2488
2488
2488
2483
2480
2484
2488
2492
2492
2492
2496
2495
2495
2495
2496
2495
2496
2492
2492
2487
2488
2491
2491
2491
2488
2491
2492
2495
2492
2491
2492
2491
2492
2488
2488
2488
2488
2492
2492
2492
2491
2488
2492
2492
2488
2491
2492
2491
2495
2492
2491
2491
2492
2488
2492
2492
2495
2491
2495
2488
2488
2491
2488
2487
2487
2487
2491
2496
2496
2488
2487
2491
2491
2484
2491
2492
2488
2487
2487
2487
2491
2491
2491
2491
2492
2491
2495
2496
2492
2491
2492
2488
2487
2488
2487
2488
2491
2488
2488
2488
2488
2487
2491
2491
2487
2487
2487
2488
2491
2488
2488
2491
2488
2488
2488
2492
2492
2491
2488
2488
2491
2491
2488
2491
2488
2491
2487
2487
2488
2487
2487
2484
2487
2491
2488
2487
2487
2488
2488
2488
2491
2488
2491
2483
2484
2483
2487
2488
2484
2483
2487
2492
2495
2495
2488
2491
2492
2495
2496
2487
2484
2488
2491
2487
2487
2484
2484
2488
2492
2491
2488
2491
2491
2488
2491
2492
2491
2487
2491
2491
2495
2484
2484
2491
2488
2496
2488
2488
2487
2488
2496
2496
2495
2491
2492
2492
2495
2495
2488
2488
2492
2492
2492
2492
2492
2491
2492
2488
2491
2492
2496
2492
2487
2492
2495
2488
2488
2491
2492
2491
2488
2488
2487
2488
2488
2484
2488
2492
2495
2491
2488
2492
2495
2491
2492
2492
2496
2491
2492
2492
2492
2488
2491
2491
2491
2496
2495
2492
2492
2492
2492
2492
2492
2488
2487
2488
2488
2487
2483
2483
2488
2488
2492
2488
2488
2495
2492
2492
2495
2492
2492
2492
2492
2491
2492
2495
2492
2491
2488
2491
2495
2496
2492
2495
2496
2496
2495
2495
2491
2491
2491
2492
2495
2492
2488
2488
2491
2495
2492
2491
2495
2495
2492
2487
2492
2491
2495
2492
2492
2491
2488
2488
2488
2487
2488
2491
2495
2495
2491
2491
2492
2492
2492
2492
2495
2488
2488
2492
2492
2492
2496
2496
2495
2492
2492
2496
2499
2492
2488
2488
2495
2488
2488
2487
2491
2491
2491
2491
2491
2491
2488
2492
2491
2487
2484
2488
2496
2495
2484
2484
2488
2491
2495
2492
2488
2488
2492
2492
2491
2487
2488
2492
2491
2487
2483
2487
2488
2488
2488
2484
2487
2491
2488
2484
2488
2484
2491
2491
2488
2487
2487
2487
2487
2491
2492
2487
2488
2491
2492
2488
2488
2491
2496
2496
2491
2491
2496
2499
2495
2488
2487
2487
2491
2491
2487
2483
2480
2488
2487
2488
2491
2487
2488
2491
2487
2487
2488
2491
2487
2487
2487
2491
2488
2483
2483
2483
2488
2488
2491
2492
2487
2491
2491
2491
2491
2488
2488
2488
2488
2488
2488
2491
2491
2492
2488
2487
2491
2492
2496
2491
2492
2491
2491
2492
2492
2495
2492
2492
2492
2492
2492
2492
2492
2491
2491
2492
2492
2491
2492
2496
2496
2496
2491
2488
2496
2496
2492
2495
2496
2499
2496
2495
2491
2487
2488
2491
2488
2491
2488
2488
2484
2492
2492
2492
2492
2491
2491
2492
2491
2491
2491
2488
2492
2492
2495
2495
2491
2488
2492
2495
2492
2492
2492
2491
2487
2488
2487
2484
2487
2487
2491
2487
2487
2487
2484
2487
2488
2491
2487
2491
2492
2491
2488
2484
2484
2488
2491
2488
2483
2483
2487
2484
2484
2488
2488
2488
2495
2492
2487
2484
2488
2491
2487
2484
2484
2487
2492
2488
2488
2492
2492
2491
2491
2492
2495
2488
2488
2492
2495
2488
2484
2484
2492
2488
2491
2488
2491
2496
2496
2492
2492
2492
2495
2488
2488
2492
2488
2487
2487
2491
2495
2491
2492
2491
2488
2495
2496
2499
2492
2492
2499
2495
2491
2491
2491
2495
2492
2488
2491
2492
2495
2491
2488
2492
2499
2496
2488
2488
2492
2492
2484
2484
2487
2491
2488
2488
2483
2483
2488
2492
2491
2487
2488
2487
2484
2487
2487
2488
2484
2488
2488
2491
2487
2487
2492
2495
2488
2488
2492
2496
2488
2488
2491
2491
2488
2487
2491
2487
2484
2488
2491
2495
2491
2492
2488
2488
2488
2492
2488
2492
2492
2491
2487
2484
2488
2491
2484
2479
2483
2487
2491
2488
2487
2492
2488
2488
2487
2491
2491
2492
2492
2488
2492
2488
2488
2488
2492
2492
2492
2488
2487
2495
2499
2503
2491
2495
2496
2499
2496
2492
2495
2499
2496
2495
2492
2495
2491
2495
2496
2495
2492
2492
2496
2492
2495
2499
2492
2491
2495
2492
2492
2491
2495
2495
2492
2492
2495
2495
2492
2492
2495
2495
2492
2487
2488
2492
2488
2487
2487
2492
2491
2484
2484
2491
2495
2495
2491
2491
2491
2495
2495
2484
2491
2496
2496
2492
2492
2492
2492
2491
2492
2495
2500
2499
2496
2491
2488
2492
2487
2488
2492
2495
2488
2484
2487
2495
2491
2488
2488
2491
2495
2496
2495
2492
2491
2495
2491
2492
2487
2488
2487
2488
2488
2491
2491
2484
2488
2488
2488
2491
2484
2484
2484
2487
2484
2483
2483
2484
2484
2484
2483
2484
2484
2491
2492
2495
2491
2491
2491
2492
2491
2488
2491
2491
2491
2487
2487
2491
2487
2487
2483
2487
2491
2484
2479
2488
2487
2487
2480
2487
2487
2488
2483
2483
2483
2487
2488
2487
2483
2480
2483
2487
2487
2488
2491
2488
2488
2491
2491
2487
2488
2487
2487
2484
2484
2483
2483
2484
2484
2484
2483
2487
2487
2491
2487
2484
2479
2480
2487
2488
2492
2491
2487
2488
2488
2492
2492
2491
2491
2488
2492
2492
2491
2488
2496
2495
2491
2492
2492
2495
2491
2495
2496
2496
2496
2491
2495
2496
2491
2488
2495
2499
2495
2492
2496
2496
2496
2492
2491
2495
2496
2499
2500
2499
2495
2492
2496
2500
2495
2491
2495
2500
2496
2500
2503
2500
2496
2499
2499
2499
2499
2496
2496
2495
2495
2499
2500
2499
2492
2488
2484
2484
2491
2492
2495
2496
2495
2495
2496
2495
2496
2492
2488
2488
2491
2492
2488
2488
2492
2492
2491
2492
2491
2495
2492
2495
2491
2492
2492
2492
2488
2491
2491
2492
2491
2488
2488
2492
2495
2495
2491
2487
2487
2488
2491
2492
2491
2495
2492
2495
2492
2495
2496
2492
2492
2492
2492
2491
2488
2492
2499
2496
2500
2495
2487
2487
2495
2492
2492
2488
2492
2495
2496
2492
2492
2495
2496
2499
2495
2491
2492
2488
2491
2488
2487
2491
2487
2483
2487
2488
2492
2492
2491
2487
2487
2491
2491
2488
2488
2491
2491
2491
2492
2492
2492
2487
2487
2491
2496
2491
2488
2495
2492
2488
2491
2492
2491
2488
2492
2496
2499
2487
2484
2487
2491
2488
2487
2488
2488
2487
2483
2487
2484
2484
2487
2484
2487
2484
2487
2487
2491
2492
2492
2488
2488
2491
2488
2484
2488
2484
2483
2483
2483
2484
2484
2487
2488
2487
2483
2487
2484
2484
2484
2483
2479
2483
2483
2480
2476
2476
2483
2487
2483
2479
2476
2480
2480
2479
2479
2480
2480
2479
2472
2475
2484
2491
2483
2483
2479
2484
2483
2483
2480
2480
2483
2480
2484
2484
2483
2484
2483
2487
2487
2488
2488
2491
2488
2488
2487
2487
2484
2487
2487
2488
2487
2491
2491
2496
2491
2491
2488
2495
2495
2492
2488
2491
2491
2491
2491
2495
2492
2492
2492
2492
2496
2499
2503
2500
2500
2496
2499
2499
2500
2496
2499
2500
2499
2495
2496
2500
2499
2496
2499
2496
2499
2499
2500
2499
2496
2495
2495
2495
2492
2492
2492
2492
2495
2499
2500
2492
2492
2499
2503
2500
2499
2499
2495
2495
2492
2495
2496
2500
2496
2492
2495
2500
2496
2495
2495
2495
2496
2496
2496
2499
2496
2495
2492
2496
2495
2492
2492
2496
2495
2492
2491
2491
2492
2496
2491
2491
2488
2492
2492
2492
2492
2491
2492
2496
2499
2492
2488
2491
2491
2491
2491
2492
2488
2491
2492
2492
2496
2491
2487
2487
2491
2496
2488
2488
2492
2495
2491
2495
2495
2487
2488
2491
2491
2487
2483
2488
2487
2487
2484
2487
2484
2484
2484
2483
2487
2484
2488
2488
2491
2488
2488
2487
2488
2487
2491
2484
2484
2488
2491
2488
2487
2491
2487
2484
2488
2487
2488
2488
2488
2484
2484
2484
2491
2488
2487
2483
2491
2492
2487
2484
2491
2492
2495
2495
2492
2491
2488
2484
2488
2492
2495
2491
2484
2487
2487
2484
2491
2491
2491
2492
2492
2492
2491
2488
2487
2488
2492
2491
2492
2491
2484
2487
2492
2488
2487
2491
2492
2491
2488
2488
2488
2491
2488
2487
2487
2488
2491
2488
2491
2488
2488
2488
2491
2488
2491
2491
2492
2488
2488
2488
2491
2488
2491
2495
2492
2491
2487
2487
2484
2487
2487
2491
2491
2487
2488
2491
2487
2487
2488
2484
2488
2487
2488
2484
2488
2487
2484
2483
2484
2487
2483
2488
2487
2492
2488
2488
2484
2483
2491
2492
2491
2487
2488
2492
2487
2480
2483
2487
2488
2487
2487
2487
2491
2492
2488
2487
2488
2495
2491
2488
2492
2499
2495
2492
2496
2499
2491
2491
2488
2492
2495
2492
2495
2495
2492
2491
2492
2495
2492
2495
2492
2495
2495
2492
2495
2495
2495
2495
2495
2495
2488
2492
2495
2492
2492
2492
2492
2496
2495
2496
2491
2492
2496
2492
2492
2495
2496
2492
2495
2496
2499
2496
2496
2495
2492
2492
2492
2492
2492
2488
2491
2491
2499
2496
2492
2495
2495
2492
2492
2492
2492
2491
2491
2491
2488
2488
2492
2495
2488
2483
2484
2492
2495
2492
2487
2488
2491
2491
2492
2491
2491
2492
2492
2492
2495
2492
2491
2492
2495
2488
2487
2487
2492
2492
2491
2495
2500
2492
2487
2487
2492
2495
2495
2491
2491
2488
2488
2488
2495
2488
2491
2491
2495
2491
2495
2495
2492
2488
2491
2488
2484
2495
2495
2492
2491
2495
2488
2491
2495
2495
2492
2491
2491
2488
2488
2491
2495
2495
2495
2491
2488
2488
2491
2491
2492
2488
2488
2491
2495
2492
2488
2488
2487
2487
2487
2491
2488
2484
2488
2491
2495
2492
2492
2492
2488
2488
2487
2492
2495
2495
2492
2495
2488
2487
2484
2492
2492
2492
2491
2488
2487
2487
2491
2496
2491
2488
2487
2488
2487
2487
2488
2484
2487
2492
2495
2487
2483
2488
2491
2488
2488
2488
2484
2483
2487
2488
2491
2491
2492
2491
2491
2491
2491
2488
2488
2491
2488
2487
2491
2488
2484
2484
2487
2488
2487
2488
2491
2487
2488
2487
2488
2491
2484
2484
2487
2491
2488
2488
2488
2495
2496
2492
2492
2491
2488
2491
2487
2491
2488
2487
2484
2488
2492
2491
2484
2483
2483
2488
2487
2487
2484
2487
2488
2488
2487
2488
2488
2487
2484
2484
2488
2491
2484
2483
2488
2491
2492
2492
2491
2492
2491
2488
2487
2487
2491
2492
2492
2492
2492
2487
2491
2492
2491
2488
2487
2488
2488
2491
2488
2491
2488
2488
2483
2483
2487
2487
2483
2483
2483
2491
2492
2487
2484
2487
2488
2484
2483
2483
2488
2484
2480
2487
2492
2495
2491
2488
2487
2487
2488
2492
2491
2488
2492
2488
2484
2484
2488
2491
2487
2484
2492
2492
2492
2492
2491
2491
2487
2495
2491
2488
2491
2492
2491
2488
2492
2491
2492
2488
2491
2491
2491
2488
2492
2495
2495
2488
2488
2488
2488
2488
2488
2488
2492
2491
2488
2488
2488
2487
2488
2491
2492
2492
2487
2488
2488
2487
2491
2492
2491
2487
2487
2487
2488
2488
2487
2488
2488
2491
2488
2488
2487
2492
2488
2484
2487
2488
2488
2488
2488
2491
2495
2491
2487
2491
2488
2488
2484
2487
2492
2496
2496
2492
2491
2487
2491
2496
2499
2491
2488
2491
2492
2495
2492
2496
2492
2491
2495
2495
2496
2496
2499
2500
2500
2500
2499
2496
2500
2496
2496
2496
2492
2495
2491
2495
2496
2495
2492
2492
2495
2492
2491
2492
2495
2492
2496
2495
2492
2496
2495
2495
2495
2491
2492
2495
2495
2492
2488
2492
2495
2495
2495
2495
2495
2492
2491
2495
2495
2496
2492
2492
2488
2492
2495
2492
2492
2495
2492
2492
2492
2495
2496
2495
2492
2499
2492
2495
2495
2495
2492
2491
2491
2495
2496
2492
2488
2491
2491
2487
2484
2484
2488
2487
2488
2491
2491
2488
2487
2491
2491
2488
2491
2492
2491
2491
2492
2488
2491
2491
2492
2492
2492
2491
2488
2484
2488
2495
2495
2491
2491
2492
2492
2488
2491
2492
2492
2488
2488
2488
2488
2491
2491
2488
2488
2488
2488
2488
2491
2495
2495
2488
2492
2492
2491
2492
2491
2487
2484
2487
2488
2488
2491
2491
2488
2491
2491
2492
2488
2487
2484
2487
2491
2484
2484
2487
2484
2491
2491
2492
2488
2487
2491
2492
2492
2488
2484
2483
2487
2491
2488
2488
2484
2484
2487
2488
2487
2491
2491
2491
2491
2495
2492
2491
2484
2488
2487
2484
2488
2491
2487
2484
2480
2487
2491
2484
2488
2492
2491
2491
2488
2492
2491
2491
2491
2495
2484
2484
2487
2487
2488
2487
2484
2488
2491
2487
2484
2488
2488
2488
2491
2491
2488
2488
2488
2495
2492
2488
2483
2484
2488
2491
2491
2492
2492
2487
2495
2491
2492
2495
2491
2487
2487
2487
2491
2488
2488
2488
2495
2495
2495
2488
2488
2491
2488
2488
2492
2491
2488
2491
2491
2491
2488
2495
2495
2495
2495
2492
2488
2487
2491
2491
2492
2492
2495
2492
2496
2492
2491
2484
2491
2492
2488
2487
2488
2495
2491
2487
2491
2487
2488
2491
2492
2488
2484
2483
2491
2488
2491
2487
2488
2491
2488
2487
2488
2491
2492
2492
2495
2488
2491
2492
2495
2496
2492
2491
2491
2488
2484
2488
2488
2492
2492
2495
2488
2488
2488
2492
2488
2487
2491
2495
2488
2487
2488
2492
2488
2488
2488
2488
2488
2491
2491
2484
2483
2487
2491
2488
2484
2484
2487
2488
2488
2487
2487
2484
2484
2488
2488
2483
2483
2491
2487
2488
2487
2488
2488
2488
2491
2492
2492
2495
2488
2484
2488
2495
2492
2488
2487
2491
2495
2496
2496
2492
2491
2488
2491
2488
2491
2491
2487
2488
2491
2488
2487
2488
2487
2487
2488
2487
2491
2491
2487
2488
2488
2488
2488
2487
2491
2491
2487
2484
2488
2487
2487
2488
2491
2491
2495
2491
2491
2488
2491
2487
2488
2487
2488
2491
2484
2484
2488
2491
2492
2487
2484
2484
2492
2488
2484
2480
2484
2484
2484
2483
2484
2484
2487
2487
2488
2488
2487
2483
2487
2491
2484
2484
2488
2491
2495
2492
2492
2491
2488
2487
2488
2487
2491
2491
2491
2491
2488
2491
2491
2488
2491
2492
2488
2491
2491
2491
2488
2483
2484
2487
2488
2487
2491
2488
2487
2487
2491
2491
2491
2491
2495
2492
2488
2491
2491
2495
2488
2488
2487
2492
2492
2496
2495
2492
2492
2492
2488
2491
2492
2491
2492
2492
2488
2488
2491
2492
2491
2492
2487
2484
2491
2492
2492
2488
2487
2491
2496
2499
2495
2488
2487
2487
2488
2492
2491
2492
2491
2492
2492
2492
2487
2484
2492
2492
2491
2488
2492
2491
2495
2496
2496
2495
2491
2488
2495
2496
2492
2492
2495
2492
2495
2488
2492
2492
2492
2496
2491
2488
2492
2495
2491
2487
2491
2491
2492
2492
2488
2491
2495
2491
2491
2491
2491
2492
2492
2495
2495
2495
2496
2496
2499
2495
2495
2495
2495
2499
2492
2492
2488
2492
2496
2492
2492
2495
2491
2492
2492
2491
2491
2491
2491
2491
2491
2492
2492
2488
2488
2487
2491
2492
2495
2488
2492
2492
2491
2492
2491
2491
2495
2491
2492
2492
2495
2492
2492
2495
2496
2491
2492
2492
2491
2492
2492
2491
2492
2492
2492
2491
2492
2492
2488
2488
2492
2492
2500
2499
2495
2491
2487
2491
2492
2495
2492
2488
2491
2491
2492
2492
2491
2488
2487
2492
2492
2491
2491
2487
2484
2488
2488
2484
2487
2491
2491
2491
2492
2491
2491
2495
2495
2491
2484
2492
2495
2495
2491
2492
2492
2492
2495
2491
2491
2488
2492
2492
2492
2495
2488
2491
2491
2491
2487
2491
