2492
2491
2488
2488
2487
2491
2491
2492
2496
2495
2492
2492
2495
2492
2488
2491
2488
2491
2495
2488
2488
2491
2492
2495
2491
2491
2492
2492
2492
2495
2487
2488
2488
2491
2488
2488
2492
2495
2491
2488
2488
2488
2492
2495
2495
2487
2488
2488
2492
2488
2495
2492
2495
2492
2487
2491
2488
2491
2491
2491
2496
2495
2495
2492
2495
2492
2491
2491
2492
2492
2491
2488
2492
2492
2488
2487
2487
2487
2488
2487
2488
2488
2487
2487
2487
2491
2492
2492
2491
2484
2487
2492
2492
2488
2484
2484
2488
2488
2488
2491
2491
2491
2492
2492
2491
2491
2491
2491
2491
2491
2492
2495
2492
2492
2496
2492
2487
2487
2495
2491
2487
2491
2491
2492
2492
2491
2488
2492
2495
2495
2492
2495
2492
2495
2491
2487
2491
2491
2488
2491
2491
2495
2491
2483
2484
2491
2488
2487
2487
2491
2488
2487
2487
2491
2488
2488
2483
2491
2487
2488
2487
2488
2488
2492
2491
2488
2491
2491
2492
2495
2491
2491
2487
2488
2491
2491
2491
2491
2492
2488
2487
2491
2495
2495
2491
2488
2484
2492
2491
2495
2488
2491
2495
2491
2491
2487
2487
2488
2492
2495
2488
2491
2488
2491
2492
2491
2484
2487
2491
2492
2495
2492
2491
2491
2492
2491
2491
2492
2491
2491
2491
2488
2484
2488
2495
2492
2492
2491
2487
2491
2492
2492
2487
2491
2491
2491
2495
2492
2491
2488
2488
2488
2488
2492
2492
2491
2492
2487
2488
2492
2495
2487
2487
2492
2495
2491
2488
2487
2488
2487
2484
2492
2488
2487
2491
2495
2492
2492
2488
2491
2488
2492
2491
2491
2492
2492
2491
2487
2487
2487
2495
2492
2492
2488
2488
2491
2491
2492
2495
2491
2492
2492
2495
2492
2491
2491
2491
2488
2488
2487
2487
2488
2488
2492
2491
2492
2491
2488
2487
2488
2495
2496
2488
2487
2487
2487
2495
2491
2484
2483
2484
2491
2495
2491
2491
2492
2496
2496
2491
2488
2492
2492
2488
2488
2492
2488
2488
2487
2491
2495
2495
2483
2484
2495
2495
2484
2487
2488
2487
2487
2488
2491
2492
2487
2491
2496
2495
2492
2492
2491
2496
2495
2496
2495
2488
2487
2488
2492
2491
2488
2491
2488
2492
2491
2495
2488
2488
2491
2492
2492
2495
2488
2491
2491
2488
2491
2491
2492
2492
2487
2491
2495
2492
2495
2492
2491
2491
2491
2496
2495
2491
2488
2491
2488
2491
2492
2488
2491
2496
2495
2492
2491
2491
2495
2495
2492
2491
2491
2492
2492
2491
2492
2495
2491
2495
2492
2488
2487
2488
2492
2491
2488
2488
2488
2491
2492
2492
2488
2491
2492
2492
2495
2491
2488
2495
2496
2496
2488
2491
2495
2491
2492
2495
2492
2496
2495
2496
2503
2499
2492
2495
2495
2499
2495
2496
2491
2491
2492
2496
2499
2492
2495
2496
2496
2496
2499
2496
2495
2496
2499
2503
2503
2500
2504
2507
2508
2511
2507
2512
2512
2512
2519
2523
2524
2528
2539
2547
2552
2567
2584
2607
2635
2683
2723
2500
2223
2316
2375
2368
2387
2343
2447
2468
2456
2556
2532
2540
2536
2480
2488
2628
2687
2651
2679
2691
2688
2691
2671
2603
2583
2652
2583
2403
2428
2519
2568
2592
2615
2603
2479
2459
2568
2584
2575
2620
2631
2611
2588
2611
2632
2648
2668
2700
2724
2739
2759
2768
2768
2732
2716
2723
2719
2715
2711
2707
2755
2751
2711
2675
2656
2624
2599
2580
2567
2555
2552
2540
2512
2495
2476
2452
2427
2404
2380
2364
2352
2343
2327
2312
2291
2271
2259
2236
2211
2191
2175
2156
2143
2128
2120
2116
2115
2115
2124
2187
2227
2244
2255
2267
2276
2311
2356
2395
2415
2408
2383
2344
2323
2315
2300
2295
2292
2280
2260
2232
2207
2168
2139
2123
2108
2096
2087
2079
2068
2063
2060
2063
2083
2112
2148
2168
2175
2179
2191
2200
2211
2212
2212
2216
2227
2228
2232
2232
2235
2235
2235
2235
2235
2240
2247
2259
2268
2276
2284
2296
2315
2331
2348
2367
2384
2403
2424
2440
2459
2476
2492
2507
2524
2548
2564
2580
2592
2603
2612
2620
2623
2628
2631
2635
2640
2644
2648
2651
2652
2655
2652
2655
2655
2656
2655
2656
2651
2648
2643
2640
2635
2639
2639
2636
2631
2628
2624
2628
2627
2623
2619
2620
2608
2599
2599
2596
2591
2592
2591
2584
2580
2579
2579
2579
2572
2564
2564
2572
2571
2567
2560
2563
2560
2560
2559
2563
2556
2552
2552
2559
2559
2556
2556
2560
2559
2556
2560
2564
2567
2564
2560
2563
2563
2567
2564
2568
2571
2572
2571
2572
2576
2576
2572
2579
2579
2576
2575
2575
2580
2580
2584
2583
2587
2584
2587
2587
2588
2592
2592
2595
2596
2595
2595
2592
2599
2595
2592
2592
2596
2592
2595
2588
2588
2588
2588
2591
2587
2583
2584
2588
2584
2580
2580
2583
2587
2580
2580
2580
2583
2584
2584
2580
2583
2576
2575
2572
2576
2576
2571
2563
2567
2571
2576
2571
2563
2559
2564
2564
2559
2552
2552
2555
2556
2548
2547
2548
2551
2551
2543
2540
2543
2544
2543
2539
2536
2540
2540
2536
2532
2532
2527
2524
2524
2523
2523
2523
2520
2520
2515
2515
2512
2515
2511
2508
2508
2507
2511
2511
2508
2507
2508
2511
2508
2504
2508
2512
2511
2508
2508
2507
2507
2508
2503
2504
2503
2507
2504
2504
2503
2503
2507
2504
2507
2496
2496
2499
2504
2504
2499
2500
2499
2500
2496
2496
2500
2495
2492
2495
2500
2496
2488
2487
2492
2492
2492
2491
2491
2488
2488
2492
2491
2484
2487
2491
2491
2484
2480
2480
2484
2484
2483
2483
2483
2487
2483
2479
2480
2479
2484
2483
2476
2471
2472
2475
2479
2479
2476
2471
2471
2468
2475
2472
2472
2471
2467
2463
2468
2471
2468
2463
2464
2464
2471
2467
2464
2464
2467
2464
2467
2463
2460
2460
2460
2459
2464
2467
2468
2464
2467
2464
2463
2464
2464
2467
2468
2468
2468
2468
2468
2471
2468
2467
2468
2468
2468
2467
2467
2463
2467
2471
2463
2459
2460
2464
2468
2468
2464
2463
2464
2471
2472
2468
2472
2475
2472
2472
2479
2480
2479
2479
2484
2488
2488
2488
2488
2483
2487
2480
2479
2480
2480
2480
2480
2480
2483
2480
2475
2475
2472
2471
2472
2476
2476
2475
2475
2472
2479
2483
2475
2471
2475
2475
2475
2479
2475
2472
2475
2480
2480
2479
2472
2472
2476
2480
2479
2471
2467
2475
2480
2476
2472
2471
2475
2479
2475
2471
2467
2468
2471
2475
2476
2479
2475
2475
2475
2476
2472
2471
2471
2472
2476
2472
2472
2472
2476
2476
2479
2472
2475
2472
2471
2468
2472
2472
2472
2471
2475
2476
2479
2472
2471
2472
2472
2472
2476
2472
2471
2467
2472
2472
2472
2472
2471
2472
2471
2475
2476
2475
2476
2476
2476
2472
2472
2472
2472
2476
2480
2483
2479
2476
2475
2480
2480
2476
2476
2471
2472
2479
2475
2475
2479
2479
2479
2475
2476
2472
2472
2472
2472
2475
2479
2476
2479
2479
2479
2479
2476
2483
2479
2475
2468
2472
2476
2480
2476
2475
2480
2484
2479
2472
2475
2483
2484
2484
2484
2483
2483
2483
2484
2484
2484
2484
2484
2483
2480
2480
2483
2483
2487
2487
2480
2483
2483
2476
2476
2483
2480
2480
2476
2479
2480
2484
2479
2483
2487
2484
2483
2487
2484
2480
2484
2488
2484
2484
2480
2468
2464
2463
2464
2472
2476
2479
2479
2476
2475
2483
2488
2488
2484
2483
2488
2488
2484
2479
2476
2483
2488
2492
2491
2492
2491
2499
2504
2504
2504
2511
2512
2508
2507
2500
2500
2499
2487
2483
2495
2503
2512
2516
2528
2539
2547
2548
2535
2531
2555
2576
2587
2591
2592
2588
2591
2587
2591
2591
2583
2567
2552
2536
2527
2519
2527
2539
2544
2556
2547
2556
2556
2556
2555
2555
2547
2544
2548
2548
2544
2536
2528
2515
2504
2524
2516
2512
2512
2519
2507
2487
2488
2492
2480
2487
2491
2479
2479
2476
2455
2455
2456
2467
2471
2471
2455
2459
2476
2468
2472
2471
2455
2455
2448
2435
2412
2396
2364
2368
2356
2347
2276
2288
2343
2327
2303
2247
2143
2196
2244
2368
2468
2500
2516
2504
2500
2495
2480
2447
2507
2595
2623
2624
2615
2611
2608
2571
2563
2571
2596
2600
2548
2455
2496
2563
2580
2592
2591
2599
2552
2500
2503
2536
2544
2555
2552
2540
2547
2540
2539
2539
2540
2536
2532
2535
2539
2539
2532
2527
2535
2536
2532
2524
2523
2520
2515
2516
2519
2512
2511
2503
2499
2499
2495
2491
2488
2487
2488
2488
2484
2480
2480
2480
2479
2479
2471
2468
2472
2476
2471
2467
2467
2471
2472
2468
2468
2468
2467
2464
2468
2467
2463
2463
2464
2464
2464
2464
2464
2463
2464
2467
2467
2467
2467
2471
2464
2463
2460
2463
2463
2459
2463
2467
2464
2464
2464
2464
2463
2460
2464
2460
2463
2463
2460
2464
2468
2467
2467
2464
2467
2467
2468
2468
2471
2472
2475
2468
2468
2467
2471
2471
2471
2471
2472
2472
2472
2472
2472
2472
2472
2476
2483
2475
2475
2479
2479
2476
2479
2476
2480
2479
2479
2480
2479
2479
2480
2476
2483
2483
2484
2480
2479
2480
2483
2487
2483
2479
2479
2480
2483
2483
2480
2483
2483
2484
2487
2483
2479
2483
2487
2487
2487
2487
2488
2484
2483
2483
2487
2491
2487
2487
2483
2484
2487
2487
2484
2487
2487
2483
2483
2487
2491
2488
2487
2484
2483
2484
2487
2484
2487
2488
2487
2484
2484
2483
2487
2491
2487
2487
2488
2491
2491
2491
2495
2491
2488
2487
2484
2487
2488
2488
2488
2492
2487
2487
2492
2491
2491
2491
2492
2492
2487
2488
2487
2484
2484
2487
2487
2492
2491
2491
2491
2492
2488
2488
2488
2487
2492
2495
2488
2488
2488
2491
2491
2488
2487
2487
2492
2492
2491
2488
2492
2495
2495
2488
2487
2492
2491
2488
2491
2495
2492
2492
2491
2491
2495
2491
2488
2488
2495
2495
2491
2495
2496
2491
2492
2488
2492
2491
2495
2496
2500
2495
2491
2492
2488
2492
2499
2495
2492
2491
2491
2495
2499
2491
2491
2496
2496
2495
2495
2499
2500
2492
2492
2492
2499
2495
2492
2499
2499
2495
2492
2495
2495
2495
2496
2496
2496
2491
2487
2488
2491
2495
2499
2495
2492
2491
2487
2488
2495
2491
2492
2495
2495
2496
2492
2495
2492
2495
2492
2496
2495
2496
2496
2492
2488
2488
2492
2495
2492
2491
2491
2488
2491
2488
2491
2495
2499
2496
2495
2492
2495
2492
2495
2499
2499
2495
2495
2491
2491
2492
2500
2499
2492
2488
2492
2492
2495
2492
2495
2496
2495
2492
2492
2495
2492
2495
2492
2492
2491
2487
2495
2496
2496
2488
2491
2499
2495
2495
2492
2495
2496
2492
2491
2492
2495
2496
2492
2491
2488
2491
2491
2491
2491
2491
2492
2492
2496
2496
2492
2492
2491
2496
2495
2492
2491
2491
2492
2488
2491
2491
2492
2496
2496
2492
2491
2495
2492
2491
2496
2495
2496
2495
2496
2495
2491
2488
2495
2492
2495
2496
2495
2491
2487
2492
2491
2495
2495
2495
2492
2492
2492
2495
2492
2492
2492
2491
2492
2492
2491
2495
2495
2492
2488
2488
2492
2495
2496
2495
2492
2496
2495
2492
2488
2492
2496
2495
2491
2491
2488
2491
2492
2492
2491
2492
2488
2488
2488
2495
2488
2491
2492
2495
2495
2491
2492
2492
2492
2495
2491
2488
2492
2492
2491
2491
2492
2496
2495
2492
2495
2492
2491
2492
2492
2491
2492
2495
2488
2484
2484
2487
2488
2484
2484
2488
2491
2492
2491
2491
2487
2488
2491
2495
2491
2487
2488
2492
2491
2492
2491
2492
2492
2491
2491
2492
2495
2495
2491
2495
2491
2487
2488
2488
2488
2491
2495
2491
2492
2491
2487
2487
2488
2491
2492
2491
2491
2492
2491
2487
2483
2488
2488
2492
2488
2492
2491
2491
2488
2491
2488
2488
2488
2492
2491
2488
2491
2492
2492
2492
2488
2491
2495
2488
2488
2488
2488
2491
2491
2488
2487
2487
2495
2491
2492
2488
2484
2491
2492
2484
2487
2491
2495
2495
2487
2488
2491
2495
2491
2488
2488
2491
2488
2491
2491
2487
2488
2488
2492
2496
2495
2484
2487
2488
2491
2487
2491
2491
2487
2491
2491
2483
2487
2488
2488
2488
2487
2488
2491
2487
2487
2488
2488
2492
2488
2487
2488
2492
2491
2495
2492
2491
2487
2488
2488
2491
2495
2492
2492
2491
2484
2488
2495
2496
2491
2487
2491
2491
2491
2488
2487
2491
2492
2491
2487
2491
2492
2491
2491
2488
2491
2495
2492
2491
2491
2488
2488
2492
2487
2487
2491
2495
2492
2491
2488
2488
2492
2495
2495
2488
2487
2487
2488
2492
2491
2491
2488
2491
2492
2491
2488
2488
2492
2496
2495
2492
2492
2491
2487
2492
2491
2492
2491
2495
2491
2491
2488
2487
2484
2488
2491
2488
2484
2487
2484
2484
2484
2488
2492
2491
2492
2492
2487
2491
2495
2496
2492
2488
2488
2491
2495
2491
2488
2491
2492
2491
2488
2487
2488
2488
2491
2495
2491
2491
2492
2492
2495
2495
2492
2495
2495
2499
2496
2495
2495
2495
2496
2492
2491
2491
2491
2495
2492
2484
2491
2495
2495
2487
2480
2487
2487
2492
2491
2487
2487
2488
2492
2487
2483
2484
2487
2488
2491
2488
2488
2492
2491
2484
2480
2491
2492
2492
2492
2492
2492
2488
2492
2491
2491
2487
2491
2495
2492
2488
2492
2492
2491
2491
2495
2496
2491
2492
2495
2492
2495
2491
2491
2491
2491
2488
2488
2491
2495
2492
2492
2491
2491
2492
2495
2491
2491
2492
2495
2491
2491
2492
2492
2492
2488
2488
2492
2495
2496
2495
2492
2495
2495
2492
2488
2492
2491
2491
2491
2495
2492
2492
2491
2495
2495
2491
2488
2488
2487
2488
2491
2495
2492
2492
2488
2491
2495
2488
2487
2492
2491
2495
2495
2495
2491
2492
2491
2491
2488
2488
2487
2491
2495
2491
2487
2492
2495
2492
2488
2488
2491
2495
2491
2488
2487
2484
2488
2488
2488
2491
2488
2491
2492
2488
2487
2488
2488
2491
2488
2488
2488
2488
2488
2484
2484
2487
2487
2484
2488
2488
2483
2484
2487
2491
2499
2491
2488
2491
2496
2499
2499
2492
2491
2488
2492
2492
2487
2488
2488
2491
2491
2491
2492
2491
2488
2488
2487
2487
2488
2491
2491
2488
2488
2488
2491
2491
2492
2492
2491
2491
2488
2488
2487
2491
2488
2491
2491
2488
2491
2492
2491
2488
2491
2488
2487
2491
2492
2492
2492
2491
2495
2492
2488
2487
2488
2487
2487
2491
2488
2488
2488
2484
2491
2491
2491
2488
2488
2487
2488
2492
2492
2492
2487
2488
2488
2491
2483
2487
2488
2492
2496
2488
2487
2488
2491
2495
2492
2491
2488
2488
2491
2491
2488
2484
2487
2492
2496
2496
2495
2488
2488
2495
2495
2491
2487
2488
2495
2496
2495
2491
2492
2495
2492
2491
2487
2488
2492
2496
2487
2487
2488
2488
2488
2487
2492
2488
2487
2491
2495
2491
2488
2491
2492
2492
2495
2491
2488
2488
2488
2491
2495
2492
2492
2495
2495
2491
2492
2492
2491
2492
2492
2488
2487
2491
2491
2492
2491
2491
2492
2492
2492
2491
2492
2495
2492
2488
2488
2491
2491
2492
2491
2488
2491
2495
2495
2488
2491
2492
2492
2492
2492
2491
2488
2492
2491
2488
2484
2487
2491
2492
2488
2491
2491
2492
2488
2488
2488
2495
2492
2491
2491
2488
2488
2491
2491
2491
2492
2491
2491
2492
2492
2488
2484
2491
2492
2492
2488
2491
2492
2488
2491
2491
2492
2492
2488
2488
2488
2487
2487
2492
2492
2492
2487
2488
2488
2484
2484
2491
2488
2487
2488
2491
2488
2488
2484
2484
2492
2495
2492
2495
2496
2492
2491
2492
2495
2495
2496
2496
2491
2487
2491
2495
2492
2488
2491
2492
2495
2496
2492
2495
2488
2491
2495
2495
2492
2492
2496
2495
2491
2495
2495
2495
2491
2488
2491
2491
2488
2491
2487
2488
2488
2495
2491
2488
2492
2495
2495
2491
2491
2488
2487
2488
2491
2491
2488
2491
2488
2488
2488
2487
2488
2491
2495
2488
2487
2492
2491
2492
2491
2492
2492
2492
2492
2491
2491
2492
2491
2491
2492
2491
2484
2491
2491
2491
2488
2491
2488
2492
2491
2488
2487
2483
2488
2492
2491
2491
2487
2487
2491
2495
2492
2492
2491
2488
2488
2484
2491
2496
2492
2492
2488
2484
2488
2491
2492
2491
2492
2495
2492
2488
2487
2488
2491
2492
2492
2491
2488
2491
2488
2492
2491
2495
2491
2492
2495
2492
2495
2492
2491
2488
2491
2491
2488
2488
2491
2491
2488
2492
2492
2491
2487
2487
2487
2488
2487
2488
2499
2496
2491
2492
2492
2491
2491
2491
2491
2495
2491
2488
2488
2491
2492
2491
2488
2492
2492
2492
2492
2496
2495
2491
2488
2488
2491
2491
2488
2492
2492
2488
2488
2487
2492
2492
2492
2488
2487
2484
2492
2492
2487
2484
2495
2492
2488
2484
2491
2492
2495
2492
2488
2487
2488
2491
2491
2488
2488
2488
2484
2487
2487
2491
2492
2492
2491
2484
2487
2488
2491
2491
2492
2492
2492
2488
2488
2491
2492
2492
2491
2488
2492
2492
2491
2488
2484
2487
2492
2492
2487
2491
2492
2491
2491
2492
2491
2491
2492
2487
2488
2492
2492
2492
2488
2483
2491
2496
2496
2491
2491
2488
2491
2491
2491
2491
2488
2491
2495
2491
2484
2487
2488
2491
2492
2492
2492
2492
2488
2484
2495
2496
2488
2484
2491
2495
2495
2491
2492
2492
2488
2488
2491
2488
2491
2487
2491
2495
2495
2491
2491
2491
2492
2491
2491
2488
2488
2491
2488
2487
2491
2492
2491
2487
2488
2492
2492
2492
2495
2491
2491
2488
2487
2488
2491
2488
2491
2491
2488
2488
2488
2488
2491
2491
2491
2496
2492
2488
2495
2499
2496
2492
2492
2492
2491
2492
2492
2487
2491
2495
2496
2495
2492
2492
2492
2491
2491
2491
2492
2492
2488
2491
2492
2492
2488
2488
2488
2492
2488
2488
2491
2491
2491
2491
2491
2491
2492
2491
2487
2491
2495
2492
2484
2488
2491
2492
2492
2495
2492
2496
2492
2495
2492
2492
2491
2492
2495
2495
2491
2487
2488
2495
2492
2488
2495
2492
2491
2491
2491
2492
2495
2492
2491
2491
2491
2492
2495
2496
2491
2491
2491
2492
2495
2491
2491
2491
2491
2491
2488
2488
2488
2488
2488
2488
2487
2487
2492
2495
2492
2487
2488
2491
2492
2491
2492
2488
2488
2488
2495
2488
2488
2491
2492
2488
2488
2491
2495
2492
2499
2496
2491
2488
2491
2491
2491
2495
2495
2488
2491
2492
2492
2488
2487
2487
2484
2487
2487
2484
2491
2492
2496
2495
2492
2488
2492
2496
2495
2491
2488
2488
2492
2495
2492
2491
2488
2491
2484
2483
2487
2488
2488
2488
2488
2491
2491
2488
2492
2491
2491
2487
2487
2492
2491
2492
2491
2488
2487
2488
2492
2491
2491
2491
2491
2488
2491
2488
2495
2491
2488
2487
2492
2492
2492
2488
2491
2491
2488
2492
2495
2492
2492
2491
2492
2492
2492
2495
2491
2487
2492
2495
2495
2495
2488
2491
2495
2488
2483
2484
2491
2491
2487
2488
2488
2484
2483
2488
2492
2495
2492
2488
2491
2496
2495
2488
2488
2488
2495
2492
2492
2495
2496
2492
2492
2491
2492
2492
2488
2491
2491
2491
2488
2487
2487
2488
2495
2492
2487
2488
2491
2491
2491
2487
2492
2491
2495
2495
2495
2491
2488
2483
2484
2487
2488
2491
2491
2491
2492
2491
2495
2495
2492
2495
2491
2491
2492
2492
2491
2488
2491
2488
2488
2487
2488
2492
2488
2491
2488
2488
2491
2492
2491
2488
2492
2492
2488
2484
2487
2491
2495
2491
2488
2484
2488
2492
2492
2488
2483
2483
2492
2491
2488
2487
2488
2491
2488
2488
2492
2499
2495
2492
2491
2492
2492
2492
2488
2491
2496
2492
2488
2488
2491
2495
2496
2495
2492
2491
2491
2491
2491
2484
2487
2492
2492
2488
2488
2488
2488
2492
2495
2492
2488
2488
2487
2491
2491
2488
2488
2488
2488
2495
2495
2496
2492
2487
2488
2492
2492
2491
2488
2491
2492
2492
2492
2491
2492
2492
2492
2492
2492
2491
2491
2488
2491
2488
2491
2491
2491
2495
2495
2488
2491
2492
2491
2488
2487
2491
2492
2492
2487
2484
2491
2496
2488
2487
2491
2491
2496
2488
2488
2488
2491
2495
2492
2488
2487
2488
2491
2488
2484
2488
2491
2492
2496
2495
2496
2491
2488
2487
2488
2492
2491
2491
2495
2496
2492
2488
2495
2496
2495
2491
2491
2492
2488
2488
2492
2492
2491
2492
2495
2496
2492
2488
2491
2491
2499
2496
2492
2487
2487
2492
2495
2495
2492
2491
2491
2496
2495
2491
2492
2492
2492
2488
2488
2491
2492
2491
2488
2488
2492
2491
2484
2488
2492
2492
2491
2488
2491
2488
2491
2492
2488
2488
2491
2491
2491
2491
2495
2496
2488
2488
2488
2487
2487
2491
2491
2491
2491
2491
2492
2492
2488
2487
2487
2491
2495
2492
2495
2495
2491
2488
2488
2495
2491
2488
2488
2491
2488
2492
2492
2491
2491
2488
2484
2491
2492
2495
2495
2492
2487
2487
2483
2484
2492
2492
2487
2488
2488
2492
2488
2483
2483
2491
2491
2491
2483
2487
2483
2488
2488
2491
2487
2491
2492
2488
2484
2487
2488
2492
2492
2488
2488
2492
2491
2492
2491
2491
2492
2491
2488
2488
2488
2491
2491
2495
2492
2491
2491
2492
2492
2491
2487
2491
2495
2495
2492
2495
2488
2491
2488
2488
2487
2487
2495
2496
2496
2491
2492
2495
2488
2495
2492
2492
2492
2491
2491
2491
2488
2495
2492
2488
2488
2488
2487
2491
2488
2487
2484
2491
2491
2495
2492
2495
2488
2491
2491
2488
2488
2491
2488
2488
2491
2491
2488
2488
2488
2491
2491
2491
2488
2492
2488
2484
2491
2487
2488
2488
2488
2495
2491
2495
2491
2484
2488
2491
2492
2492
2488
2487
2495
2496
2488
2487
2492
2492
2488
2488
2488
2487
2492
2492
2488
2487
2487
2492
2491
2492
2488
2495
2491
2492
2492
2496
2495
2491
2487
2488
2495
2495
2491
2487
2483
2484
2492
2495
2492
2484
2483
2488
2492
2491
2487
2487
2491
2492
2495
2492
2488
2488
2488
2487
2488
2488
2488
2488
2496
2499
2496
2496
2492
2488
2495
2496
2491
2488
2488
2491
2492
2488
2491
2495
2492
2488
2487
2488
2488
2488
2484
2487
2484
2491
2496
2491
2491
2491
2492
2491
2496
2499
2499
2492
2488
2491
2495
2495
2492
2492
2488
2487
2488
2491
2495
2492
2488
2488
2488
2488
2491
2491
2492
2495
2488
2488
2491
2495
2492
2491
2488
2491
2495
2495
2495
2492
2495
2492
2492
2487
2491
2491
2487
2491
2491
2487
2491
2488
2491
2488
2491
2488
2488
2488
2488
2492
2496
2491
2488
2487
2487
2487
2488
2491
2488
2491
2491
2491
2491
2488
2488
2491
2492
2491
2492
2491
2487
2491
2491
2491
2491
2492
2499
2495
2495
2491
2491
2491
2487
2491
2491
2496
2495
2492
2488
2487
2492
2495
2495
2491
2487
2487
2492
2492
2491
2484
2484
2491
2491
2488
2487
2488
2495
2491
2492
2488
2488
2491
2491
2492
2495
2488
2491
2491
2488
2488
2488
2491
2496
2499
2492
2488
2488
2492
2495
2491
2495
2496
2495
2492
2491
2488
2488
2487
2488
2488
2488
2487
2491
2496
2492
2487
2487
2487
2488
2492
2496
2492
2487
2487
2491
2495
2492
2488
2487
2488
2495
2492
2488
2488
2491
2488
2491
2491
2488
2488
2491
2491
2488
2492
2492
2488
2491
2484
2488
2488
2488
2492
2487
2487
2491
2492
2491
2491
2492
2491
2492
2492
2491
2488
2491
2491
2488
2483
2488
2488
2488
2491
2491
2492
2491
2492
2484
2484
2488
2491
2495
2488
2488
2487
2488
2487
2487
2487
2484
2488
2491
2488
2491
2491
2488
2488
2484
2484
2492
2496
2491
2487
2488
2491
2495
2491
2483
2480
2484
2492
2491
2491
2495
2495
2488
2491
2495
2499
2492
2492
2495
2492
2487
2491
2491
2491
2491
2495
2488
2488
2491
2492
2495
2496
2492
2491
2495
2488
2492
2492
2495
2495
2491
2488
2491
2488
2492
2492
2492
2488
2487
2491
2492
2492
2488
2488
2488
2487
2487
2487
2488
2492
2492
2491
2491
2495
2492
2492
2491
2488
2491
2492
2491
2491
2492
2488
2491
2492
2488
2491
2492
2488
2491
2488
2488
2491
2488
2491
2491
2491
2487
2491
2488
2491
2492
2491
2487
2488
2487
2488
2491
2491
2491
2492
2496
2495
2491
2491
2495
2488
2488
2488
2492
2487
2491
2491
2492
2491
2492
2495
2492
2487
2488
2491
2492
2491
2487
2487
2487
2483
2484
2491
2487
2488
2488
2487
2487
2488
2492
2491
2488
2491
2488
2491
2492
2492
2492
2492
2492
2491
2488
2492
2492
2487
2484
2488
2491
2495
2492
2488
2488
2492
2491
2487
2488
2488
2491
2495
2492
2491
2491
2492
2491
2488
2487
2488
2492
2495
2492
2487
2487
2492
2496
2495
2488
2484
2491
2492
2492
2492
2491
2495
2491
2488
2491
2495
2492
2492
2492
2491
2491
2491
2487
2487
2488
2487
2488
2491
2487
2484
2488
2484
2483
2487
2491
2488
2487
2492
2492
2491
2492
2492
2491
2492
2495
2491
2488
2492
2492
2495
2492
2495
2496
2492
2495
2492
2492
2492
2491
2491
2488
2491
2488
2487
2488
2491
2488
2492
2496
2492
2491
2492
2495
2492
2491
2488
2488
2488
2491
2491
2491
2491
2491
2488
2488
2487
2491
2491
2491
2491
2487
2488
2488
2491
2491
2488
2488
2487
2488
2491
2492
2492
2487
2492
2492
2491
2487
2491
2491
2492
2492
2491
2492
2492
2491
2491
2488
2491
2491
2488
2488
2488
2488
2492
2496
2499
2491
2491
2491
2492
2488
2487
2495
2495
2491
2487
2487
2491
2488
2491
2488
2488
2491
2495
2492
2492
2491
2487
2487
2488
2488
2491
2488
2488
2487
2488
2491
2488
2487
2495
2492
2484
2484
2491
2499
2492
2488
2488
2488
2491
2491
2492
2496
2496
2495
2491
2487
2491
2496
2492
2487
2487
2492
2495
2487
2487
2488
2491
2491
2488
2491
2491
2487
2487
2492
2495
2491
2487
2488
2488
2484
2484
2495
2499
2491
2488
2491
2491
2491
2491
2491
2488
2488
2491
2491
2496
2495
2495
2491
2491
2491
2488
2488
2488
2491
2488
2488
2487
2491
2491
2491
2488
2491
2491
2491
2488
2488
2488
2488
2491
2491
2492
2495
2492
2495
2488
2487
2488
2491
2488
2491
2491
2491
2495
2491
2491
2488
2491
2491
2488
2487
2487
2488
2491
2491
2491
2488
2491
2495
2496
2496
2488
2487
2491
2491
2491
2488
2488
2488
2492
2491
2484
2484
2491
2484
2491
2492
2491
2491
2488
2492
2491
2491
2495
2492
2491
2488
2487
2491
2491
2491
2484
2488
2491
2492
2484
2487
2488
2487
2487
2495
2492
2491
2495
2492
2496
2491
2487
2488
2491
2495
2491
2492
2492
2495
2495
2491
2492
2492
2488
2487
2488
2488
2491
2492
2488
2484
2492
2492
2491
2487
2488
2484
2483
2487
2488
2496
2492
2487
2487
2492
2491
2492
2492
2492
2488
2484
2488
2488
2488
2487
2487
2492
2488
2491
2492
2495
2491
2487
2491
2491
2495
2488
2488
2488
2499
2492
2491
2492
2492
2488
2491
2491
2492
2496
2495
2491
2495
2488
2491
2492
2492
2495
2492
2487
2488
2492
2492
2496
2491
2491
2495
2495
2491
2488
2488
2488
2491
2492
2488
2487
2487
2488
2488
2492
2488
2491
2495
2491
2488
2488
2488
2492
2495
2496
2491
2488
2484
2492
2495
2488
2491
2495
2492
2491
2487
2491
2495
2492
2488
2492
2491
2491
2491
2492
2491
2487
2487
2491
2488
2491
2491
2492
2491
2492
2496
2492
2487
2488
2491
2492
2491
2487
2491
2495
2495
2484
2484
2492
2496
2495
2492
2491
2487
2488
2491
2491
2491
2484
2488
2488
2491
2492
2491
2488
2488
2491
2495
2496
2492
2492
2495
2492
2492
2488
2488
2491
2491
2491
2488
2488
2491
2491
2492
2491
2488
2487
2488
2488
2488
2491
2495
2495
2491
2492
2492
2495
2492
2488
2492
2495
2495
2491
2491
2488
2492
2495
2492
2488
2491
2487
2487
2487
2491
2491
2491
2491
2491
2488
2483
2484
2492
2492
2488
2487
2487
2491
2492
2492
2488
2491
2491
2491
2487
2491
2491
2492
2488
2491
2488
2492
2495
2491
2488
2491
2491
2492
2492
2492
2488
2491
2492
2496
2496
2488
2488
2491
2495
2488
2487
2488
2491
2487
2492
2492
2487
2487
2488
2484
2488
2488
2487
2484
2484
2488
2491
2488
2487
2488
2487
2488
2487
2491
2495
2491
2487
2487
2484
2487
2492
2492
2488
2491
2492
2491
2483
2484
2491
2496
2491
2487
2488
2495
2487
2484
2488
2488
2491
2491
2488
2487
2491
2488
2491
2488
2488
2492
2491
2488
2488
2491
2488
2487
2484
2488
2488
2492
2491
2488
2487
2484
2491
2491
2492
2491
2488
2488
2492
2492
2492
2492
2492
2488
2491
2488
2492
2491
2491
2491
2491
2491
2488
2491
2488
2488
2491
2491
2492
2495
2495
2492
2488
2492
2495
2492
2492
2491
2492
2491
2488
2488
2492
2496
2495
2491
2491
2491
2488
2495
2491
2488
2488
2491
2491
2484
2484
2495
2495
2492
2491
2487
2492
2495
2492
2491
2492
2492
2491
2488
2492
2496
2496
2488
2488
2488
2488
2491
2492
2491
2488
2488
2488
2492
2487
2491
2491
2495
2495
2488
2487
2487
2492
2496
2492
2488
2491
2496
2491
2487
2487
2488
2491
2492
2488
2488
2487
2491
2491
2492
2491
2488
2496
2496
2492
2492
2488
2491
2492
2495
2488
2491
2488
2491
2488
2488
2487
2488
2488
2492
2495
2492
2492
2491
2487
2487
2488
2491
2492
2487
2484
2488
2488
2492
2488
2491
2491
2492
2488
2491
2491
2491
2492
2488
2491
2488
2488
2495
2491
2488
2491
2492
2488
2488
2491
2488
2488
2491
2492
2496
2499
2492
2496
2496
2491
2491
2492
2495
2491
2487
2488
2495
2492
2492
2488
2484
2487
2491
2492
2488
2488
2484
2487
2488
2492
2488
2484
2488
2492
2487
2491
2488
2495
2495
2488
2488
2491
2491
2492
2495
2492
2487
2484
2491
2492
2491
2492
2492
2492
2492
2492
2492
2491
2483
2491
2491
2492
2488
2491
2491
2487
2488
2495
2491
2488
2491
2488
2484
2491
2492
2491
2491
2492
2492
2488
2491
2488
2488
2492
2491
2488
2487
2495
2495
2491
2488
2488
2492
2491
2492
2492
2492
2496
2488
2492
2491
2488
2491
2492
2491
2492
2495
2488
2491
2492
2488
2487
2488
2492
2491
2487
2488
2491
2488
2492
2492
2492
2491
2487
2488
2495
2491
2491
2488
2491
2484
2488
2492
2495
2492
2496
2499
2499
2495
2491
2491
2495
2495
2488
2488
2491
2491
2492
2488
2488
2488
2488
2491
2491
2488
2487
2484
2492
2484
2487
2491
2488
2487
2488
2491
2488
2491
2491
2488
2488
2484
2488
2491
2492
2491
2488
2491
2488
2488
2487
2488
2491
2491
2492
2488
2491
2491
2488
2488
2488
2492
2495
2491
2492
2491
2492
2491
2492
2491
2492
2492
2492
2495
2495
2488
2491
2491
2495
2491
2491
2491
2487
2491
2491
2492
2491
2487
2488
2491
2491
2491
2487
2488
2491
2488
2484
2496
2496
2495
2491
2492
2496
2492
2491
2488
2491
2488
2488
2492
2491
2487
2487
2487
2492
2492
2491
2491
2491
2487
2488
2491
2488
2491
2487
2487
2487
2491
2496
2495
2491
2488
2491
2495
2492
2491
2491
2488
2487
2484
2491
2491
2488
2488
2491
2491
2491
2487
2488
2488
2487
2492
2491
2483
2487
2488
2491
2495
2495
2491
2487
2492
2492
2492
2495
2492
2491
2495
2496
2492
2495
2492
2488
2492
2488
2488
2488
2484
2484
2488
2491
2491
2491
2491
2495
2492
2488
2491
2491
2487
2488
2487
2491
2488
2488
2491
2492
2495
2491
2491
2488
2487
2491
2491
2491
2487
2484
2492
2492
2491
2488
2488
2488
2495
2495
2495
2492
2495
2495
2492
2491
2488
2487
2491
2488
2487
2487
2492
2495
2491
2491
2491
2491
2491
2484
2491
2492
2495
2495
2492
2491
2491
2492
2488
2484
2488
2495
2488
2487
2491
2495
2492
2496
2492
2495
2491
2488
2488
2492
2492
2495
2491
2491
2491
2491
2492
2491
2491
2491
2487
2488
2492
2487
2488
2487
2484
2487
2484
2491
2495
2495
2491
2491
2491
2491
2487
2492
2496
2496
2488
2487
2491
2492
2492
2488
2480
2487
2492
2491
2484
2487
2487
2488
2487
2491
2488
2491
2492
2488
2487
2491
2495
2492
2491
2492
2492
2491
2488
2492
2491
2488
2488
2492
2495
2488
2491
2491
2491
2492
2492
2491
2488
2492
2492
2495
2491
2491
2492
2492
2491
2487
2491
2491
2492
2492
2495
2492
2491
2488
2492
2488
2491
2492
2492
2492
2492
2488
2492
2492
2496
2495
2492
2492
2492
2496
2495
2487
2484
2491
2492
2491
2487
2484
2491
2488
2488
2491
2491
2488
2492
2495
2496
2491
2487
2488
2492
2491
2488
2492
2495
2491
2492
2492
2487
2484
2487
2492
2492
2491
2491
2487
2492
2491
2488
2484
2488
2491
2492
2487
2487
2491
2495
2491
2488
2488
2491
2491
2491
2495
2492
2488
2491
2491
2488
2487
2488
2487
2487
2488
2491
2487
2488
2491
2492
2492
2492
2491
2487
2488
2495
2491
2491
2492
2491
2492
2495
2496
2491
2488
2488
2487
2487
2484
2488
2492
2492
2487
2492
2492
2492
2488
2492
2495
2492
2491
2495
2491
2488
2491
2492
2491
2491
2488
2488
2491
2488
2488
2484
2491
2495
2491
2492
2491
2492
2488
2491
2495
2492
2488
2487
2491
2491
2491
2492
2488
2492
2492
2487
2487
2484
2491
2491
2491
2491
2488
2495
2491
2488
2487
2491
2492
2488
2487
2495
2496
2491
2488
2495
2491
2491
2487
2488
2488
2495
2492
2487
2487
2488
2491
2491
2492
2491
2491
2495
2492
2491
2491
2492
2495
2495
2491
2491
2488
2491
2488
2487
2492
2495
2487
2487
2491
2495
2492
2491
2491
2496
2495
2491
2492
2495
2495
2491
2487
2491
2499
2495
2491
2488
2491
2492
2491
2491
2495
2491
2488
2484
2488
2491
2491
2491
2488
2487
2487
2488
2487
2487
2487
2488
2492
2492
2487
2488
2496
2495
2488
2488
2491
2491
2492
2492
2491
2492
2492
2495
2495
2491
2491
2488
2488
2491
2491
2488
2487
2484
2487
2491
2488
2488
2487
2488
2487
2488
2492
2487
2484
2491
2495
2496
2491
2487
2488
2491
2495
2492
2488
2488
2492
2491
2487
2488
2491
2492
2492
2488
2488
2491
2492
2491
2492
2491
2491
2492
2495
2492
2488
2491
2491
2488
2488
2491
2488
2492
2492
2495
2492
2495
2492
2495
2491
2491
2488
2488
2487
2488
2491
2496
2495
2484
2487
2492
2492
2492
2495
2492
2492
2496
2495
2492
2492
2495
2495
2488
2487
2488
2491
2491
2491
2487
2488
2491
2488
2491
2491
2492
2495
2487
2487
2492
2492
2488
2488
2495
2488
2487
2491
2496
2492
2492
2491
2495
2495
2488
2492
2491
2491
2492
2495
2491
2491
2488
2491
2488
2488
2487
2487
2484
2491
2495
2495
2492
2487
2488
2491
2491
2492
2491
2487
2491
2492
2491
2488
2488
2491
2495
2491
2487
2491
2488
2488
2488
2495
2492
2491
2492
2488
2491
2488
2492
2491
2488
2491
2491
2495
2488
2488
2492
2492
2491
2496
2492
2492
2488
2488
2491
2496
2492
2488
2492
2499
2496
2492
2491
2492
2491
2488
2491
2495
2492
2484
2488
2491
2488
2487
2492
2495
2491
2488
2488
2488
2488
2488
2488
2491
2491
2492
2496
2492
2487
2488
2492
2488
2488
2488
2487
2491
2492
2492
2488
2488
2487
2491
2492
2495
2491
2487
2488
2491
2488
2488
2491
2492
2487
2491
2492
2492
2491
2488
2487
2484
2491
2492
2488
2488
2491
2492
2488
2483
2480
2491
2487
2492
2492
2491
2488
2488
2488
2492
2492
2488
2487
2492
2495
2495
2488
2491
2491
2487
2488
2488
2487
2492
2492
2491
2492
2492
2492
2491
2492
2488
2487
2488
2492
2487
2488
2488
2491
2492
2491
2488
2488
2496
2495
2488
2491
2487
2488
2491
2492
2491
2491
2488
2492
2491
2487
2487
2495
2487
2487
2491
2492
2492
2491
2492
2495
2492
2492
2491
2492
2492
2496
2495
2487
2491
2488
2492
2492
2495
2492
2491
2488
2491
2491
2491
2491
2484
2487
2492
2488
2488
2488
2491
2495
2496
2491
2491
2487
2491
2491
2495
2492
2492
2495
2495
2496
2492
2491
2492
2495
2496
2492
2487
2488
2491
2495
2495
2492
2492
2491
2488
2488
2492
2492
2491
2488
2487
2488
2491
2488
2491
2491
2487
2491
2491
2483
2484
2488
2492
2492
2491
2484
2487
2492
2492
2491
2492
2492
2488
2491
2491
2488
2488
2487
2491
2492
2492
2491
2487
2487
2492
2492
2487
2488
2495
2491
2491
2491
2492
2495
2495
2491
2492
2488
2491
2492
2496
2499
2492
2491
2492
2495
2491
2492
2491
2492
2492
2488
2487
2488
2491
2492
2492
2491
2487
2487
2491
2491
2492
2491
2491
2491
2488
2491
2487
2487
2487
2487
2491
2483
2487
2499
2495
2491
2488
2488
2488
2487
2491
2492
2492
2487
2487
2492
2492
2488
2488
2487
2488
2488
2488
2487
2488
2495
2491
2488
2492
2488
2488
2488
2491
2491
2495
2495
2492
2492
2495
2492
2491
2488
2488
2491
2491
2491
2491
2491
2488
2487
2484
2488
2491
2487
2491
2492
2496
2495
2495
2492
2495
2491
2492
2491
2491
2492
2496
2491
2492
2496
2491
2487
2491
2491
2492
2495
2488
2492
2496
2495
2492
2491
2488
2487
2492
2488
2491
2487
2491
2491
2487
2484
2484
2488
2488
2488
2491
2488
2488
2487
2492
2495
2491
2488
2491
2484
2488
2492
2491
2495
2491
2492
2491
2491
2495
2495
2491
2488
2495
2496
2499
2496
2491
2492
2492
2492
2487
2484
2491
2491
2496
2491
2488
2488
2495
2496
2495
2488
2491
2491
2492
2491
2495
2491
2488
2484
2488
2492
2495
2492
2492
2488
2488
2491
2491
2491
2488
2488
2488
2488
2491
2488
2491
2488
2484
2488
2495
2495
2488
2491
2492
2492
2488
2487
2491
2487
2487
2492
2495
2492
2491
2487
2491
2491
2488
2487
2488
2492
2492
2491
2484
2491
2488
2487
2487
2491
2491
2491
2491
2487
2488
2487
2491
2491
2487
2488
2488
2484
2487
2491
2492
2495
2492
2491
2492
2492
2488
2492
2496
2496
2491
2488
2487
2492
2488
2484
2491
2491
2491
2492
2491
2491
2488
2491
2488
2491
2491
2491
2488
2487
2491
2491
2488
2491
2492
2492
2492
2491
2488
2491
2487
2488
2487
2483
2484
2487
2487
2487
2488
2487
2487
2492
2495
2492
2492
2492
2491
2492
2492
2491
2491
2495
2492
2491
2487
2488
2487
2487
2488
2491
2491
2495
2491
2495
2491
2491
2492
2492
2488
2488
2491
2492
2492
2488
2487
2484
2488
2492
2492
2492
2492
2495
2491
2491
2495
2492
2495
2491
2491
2487
2491
2487
2488
2492
2488
2491
2492
2491
2488
2487
2491
2488
2491
2492
2495
2491
2495
2491
2492
2491
2495
2488
2488
2491
2492
2492
2491
2491
2491
2488
2491
2492
2491
2487
2488
2487
2488
2484
2487
2492
2491
2492
2491
2491
2488
2492
2492
2488
2492
2495
2491
2487
2488
2491
2491
2492
2488
2488
2491
2491
2491
2487
2492
2484
2495
2496
2495
2491
2491
2495
2492
2492
2491
2488
2491
2487
2488
2492
2495
2488
2491
2492
2492
2488
2487
2488
2492
2492
2492
2492
2488
2488
2495
2491
2488
2488
2492
2492
2492
2491
2495
2488
2484
2488
2495
2488
2480
2484
2488
2492
2488
2488
2488
2492
2492
2487
2488
2491
2495
2492
2492
2491
2488
2491
2491
2492
2488
2488
2491
2487
2488
2496
2495
2488
2484
2492
2491
2491
2492
2495
2495
2491
2487
2492
2496
2491
2488
2488
2495
2495
2492
2495
2491
2495
2492
2492
2488
2487
2491
2495
2492
2488
2487
2491
2488
2491
2488
2495
2492
2491
2491
2499
2492
2484
2487
2487
2488
2488
2491
2491
2495
2492
2491
2491
2491
2488
2487
2492
2492
2492
2484
2484
2488
2496
2495
2487
2488
2491
2491
2488
2487
2488
2492
2492
2491
2492
2495
2492
2491
2492
2495
2492
2491
2495
2491
2495
2496
2495
2488
2487
2491
2491
2491
2492
2491
2488
2492
2492
2491
2488
2491
2492
2487
2484
2484
2495
2495
2496
2495
2492
2492
2492
2492
2492
2491
2492
2488
2491
2492
2492
2488
2488
2491
2488
2487
2488
2491
2495
2495
2491
2491
2491
2488
2492
2488
2488
2488
2495
2491
2495
2495
2488
2492
2492
2492
2495
2491
2491
2491
2492
2488
2488
2488
2495
2492
2488
2488
2487
2484
2488
2487
2488
2491
2491
2491
2488
2495
2491
2488
2488
2487
2492
2491
2488
2488
2492
2492
2487
2483
2488
2495
2491
2491
2495
2496
2495
2491
2492
2492
2495
2495
2491
2488
2491
2491
2495
2492
2488
2492
2488
2492
2492
2495
2491
2492
2492
2491
2491
2492
2492
2491
2491
2487
2487
2488
2491
2492
2495
2491
2491
2491
2492
2495
2492
2495
2491
2487
2487
2488
2491
2492
2484
2488
2488
2492
2491
2491
2492
2492
2488
2488
2487
2491
2492
2492
2492
2488
2488
2488
2488
2492
2492
2495
2492
2491
2487
2484
2491
2491
2487
2483
2484
2492
2491
2491
2487
2488
2491
2491
2492
2488
2492
2495
2488
2487
2487
2492
2492
2492
2491
2492
2491
2492
2495
2495
2492
2488
2487
2491
2492
2491
2495
2495
2492
2488
2492
2491
2487
2487
2495
2495
2488
2492
2491
2491
2492
2491
2488
2491
2488
2488
2492
2491
2491
2491
2492
2491
2491
2491
2488
2495
2496
2495
2491
2491
2488
2484
2484
2488
2492
2491
2483
2484
2488
2491
2492
2492
2488
2491
2488
2492
2491
2492
2495
2492
2492
2488
2488
2491
2495
2492
2491
2488
2488
2491
2491
2492
2492
2488
2488
2491
2492
2492
2492
2492
2492
2492
2495
2491
2491
2492
2496
2495
2488
2491
2491
2488
2491
2488
2491
2484
2491
2492
2492
2495
2492
2491
2487
2491
2488
2484
2491
2491
2491
2488
2491
2488
2491
2492
2495
2491
2495
2495
2495
2492
2492
2495
2495
2495
2496
2495
2491
2488
2487
2491
2495
2492
2492
2484
2492
2495
2492
2488
2488
2488
2492
2491
2492
2488
2488
2488
2487
2484
2484
2487
2491
2487
2488
2495
2492
2488
2491
2488
2491
2488
2488
2495
2496
2488
2487
2492
2488
2488
2492
2491
2487
2492
2491
2491
2488
2491
2491
2492
2492
2492
2488
2487
2492
2491
2492
2491
2492
2492
2491
2488
2491
2495
2499
2492
2488
2488
2495
2495
2492
2488
2491
2491
2488
2491
2492
2488
2491
2488
2492
2488
2492
2491
2488
2487
2491
2491
2488
2491
2488
2487
2492
2492
2491
2487
2491
2491
2488
2488
2488
2492
2492
2488
2488
2488
2487
2491
2492
2491
2488
2487
2484
2492
2495
2496
2492
2491
2491
2491
2492
2492
2492
2491
2488
2488
2491
2491
2496
2492
2487
2488
2495
2491
2492
2492
2495
2492
2488
2491
2495
2492
2492
2496
2491
2487
2487
2492
2495
2491
2487
2484
2487
2491
2488
2487
2484
2487
2491
2484
2483
2487
2491
2491
2491
2484
2487
2491
2491
2487
2488
2491
2487
2488
2491
2488
2491
2491
2488
2491
2487
2488
2488
2488
2488
2491
2495
2492
2491
2487
2491
2491
2495
2492
2488
2487
2488
2491
2492
2492
2484
2488
2491
2492
2495
2495
2496
2495
2492
2491
2488
2488
2495
2491
2487
2487
2492
2487
2488
2492
2495
2488
2492
2491
2491
2492
2491
2492
2491
2488
2492
2491
2492
2491
2492
2496
2495
2491
2487
2488
2492
2491
2491
2488
2488
2487
2488
2491
2495
2491
2487
2484
2491
2492
2491
2488
2488
2491
2488
2491
2488
2492
2492
2491
2488
2495
2495
2491
2491
2484
2484
2491
2491
2495
2496
2495
2496
2495
2491
2488
2491
2491
2488
2491
2495
2491
2484
2484
2492
2491
2488
2488
2491
2484
2487
2488
2491
2492
2488
2484
2487
2487
2492
2495
2491
2495
2496
2495
2495
2491
2491
2491
2492
2488
2491
2492
2492
2488
2492
2487
2488
2491
2491
2491
2492
2492
2491
2491
2495
2496
2495
2492
2492
2495
2491
2488
2495
2495
2495
2487
2483
2488
2491
2495
2492
2491
2495
2492
2487
2488
2492
2492
2488
2487
2488
2495
2492
2492
2488
2487
2488
2492
2492
2484
2484
2488
2492
2491
2487
2487
2488
2492
2491
2488
2491
2488
2491
2488
2491
2487
2491
2491
2488
2491
2488
2488
2492
2492
2491
2488
2488
2491
2488
2492
2488
2492
2491
2488
2488
2488
2491
2491
2487
2488
2487
2491
2491
2491
2487
2487
2487
2488
2487
2487
2491
2491
2488
2491
2488
2488
2488
2495
2488
2487
2491
2492
2488
2492
2492
2495
2491
2488
2492
2499
2491
2488
2492
2491
2487
2491
2496
2491
2487
2487
2484
2491
2491
2484
2484
2492
2495
2496
2492
2492
2491
2491
2488
2492
2492
2492
2491
2488
2492
2491
2491
2492
2492
2491
2487
2488
2488
2487
2487
2491
2491
2488
2487
2488
2488
2495
2492
2492
2488
2488
2487
2491
2488
2492
2491
2492
2487
2492
2492
2491
2499
2495
2491
2488
2488
2491
2492
2491
2491
2488
2492
2491
2491
2491
2492
2491
2488
2492
2495
2491
2488
2488
2492
2491
2488
2488
2488
2492
2488
2491
2488
2492
2496
2492
2492
2491
2491
2491
2488
2488
2492
2495
2492
2487
2488
2491
2492
2491
2484
2483
2487
2492
2495
2496
2492
2492
2491
2491
2495
2491
2492
2491
2491
2487
2491
2491
2488
2487
2488
2487
2488
2484
2487
2484
2484
2487
2491
2488
2491
2487
2484
2487
2491
2492
2495
2491
2487
2487
2487
2491
2492
2491
2491
2487
2488
2492
2491
2488
2487
2488
2491
2491
2495
2496
2492
2492
2495
2492
2491
2488
2492
2487
2487
2491
2495
2488
2488
2488
2487
2491
2492
2495
2487
2488
2491
2496
2491
2488
2487
2487
2496
2492
2488
2488
2492
2488
2487
2488
2491
2492
2484
2488
2488
2491
2491
2487
2488
2491
2491
2492
2492
2492
2491
2496
2495
2491
2491
2483
2488
2491
2488
2484
2488
2487
2491
2492
2488
2487
2492
2488
2491
2492
2496
2491
2492
2488
2488
2488
2488
2492
2495
2491
2492
2495
2492
2491
2492
2496
2491
2491
2488
2487
2491
2492
2491
2492
2495
2492
2491
2491
2495
2496
2492
2491
2492
2492
2492
2495
2496
2491
2487
2487
2488
2488
2488
2488
2487
2484
2491
2492
2495
2492
2491
2488
2488
2487
2488
2488
2487
2488
2492
2488
2484
2491
2495
2491
2487
2488
2491
2491
2491
2492
2492
2487
2488
2495
2496
2495
2492
2495
2492
2492
2495
2495
2492
2495
2491
2491
2491
2491
2484
2487
2488
2492
2491
2488
2487
2491
2495
2495
2487
2487
2487
2491
2488
2496
2495
2488
2491
2495
2488
2487
2488
2488
2495
2491
2488
2491
2491
2491
2492
2487
2492
2496
2488
2488
2492
2492
2491
2492
2491
2491
2488
2492
2491
2488
2488
2491
2491
2491
2491
2488
2488
2492
2488
2495
2499
2492
2488
2496
2495
2488
2487
2491
2496
2491
2492
2492
2495
2491
2492
2492
2495
2492
2488
2495
2500
2492
2487
2487
2488
2492
2488
2487
2492
2488
2484
2488
2495
2495
2488
2491
2492
2492
2491
2488
2487
2492
2495
2495
2491
2487
2488
2488
2492
2492
2488
2487
2487
2488
2488
2488
2488
2491
2491
2488
2488
2496
2496
2488
2487
2488
2496
2495
2487
2488
2492
2492
2491
2492
2491
2488
2488
2492
2488
2495
2491
2491
2492
2491
2492
2495
2496
2495
2492
2488
2491
2492
2491
2491
2491
2487
2487
2492
2495
2491
2491
2491
2491
2495
2492
2484
2487
2487
2488
2488
2491
2492
2491
2488
2488
2488
2491
2488
2487
2487
2491
2488
2488
2488
2495
2491
2491
2488
2491
2491
2492
2492
2491
2491
2492
2495
2492
2492
2491
2492
2492
2487
2487
2491
2491
2491
2492
2487
2488
2491
2491
2488
2491
2492
2491
2491
2491
2491
2487
2491
2491
2492
2488
2492
2491
2491
2495
2492
2492
2488
2491
2491
2492
2488
2495
2495
2491
2487
2487
2487
2492
2492
2491
2488
2491
2495
2495
