2488
2492
2488
2491
2492
2491
2491
2491
2491
2488
2491
2488
2487
2491
2491
2488
2488
2488
2484
2487
2491
2492
2491
2491
2488
2492
2492
2491
2488
2492
2491
2488
2491
2499
2492
2492
2488
2488
2492
2492
2488
2487
2488
2492
2491
2491
2487
2487
2488
2492
2492
2492
2488
2487
2491
2491
2492
2491
2484
2484
2488
2496
2495
2492
2488
2492
2496
2495
2491
2492
2495
2491
2487
2491
2492
2491
2491
2487
2487
2491
2495
2495
2491
2488
2488
2491
2492
2495
2491
2492
2496
2492
2491
2492
2495
2492
2491
2492
2492
2492
2492
2487
2488
2491
2487
2480
2483
2488
2496
2492
2484
2484
2487
2491
2496
2495
2491
2487
2491
2492
2488
2488
2487
2488
2495
2492
2488
2491
2492
2496
2499
2496
2488
2487
2491
2492
2496
2495
2491
2488
2491
2492
2491
2492
2492
2492
2495
2492
2491
2488
2488
2492
2492
2495
2491
2491
2492
2492
2492
2488
2487
2492
2491
2488
2487
2492
2492
2488
2488
2491
2488
2487
2484
2488
2492
2492
2491
2491
2492
2492
2488
2492
2491
2491
2488
2491
2488
2487
2488
2487
2488
2491
2488
2484
2487
2488
2492
2491
2487
2487
2491
2492
2488
2491
2488
2491
2491
2487
2491
2491
2487
2488
2487
2487
2487
2491
2491
2484
2484
2488
2496
2495
2496
2488
2492
2492
2491
2484
2483
2488
2492
2492
2491
2488
2495
2492
2492
2491
2491
2492
2492
2492
2488
2488
2488
2491
2492
2491
2491
2495
2491
2491
2495
2495
2492
2491
2491
2488
2492
2495
2495
2492
2491
2488
2487
2487
2491
2491
2491
2487
2491
2492
2491
2492
2491
2488
2488
2483
2488
2495
2495
2491
2491
2487
2487
2495
2488
2491
2491
2492
2492
2492
2488
2491
2491
2491
2492
2491
2492
2491
2484
2487
2491
2495
2492
2491
2488
2491
2492
2491
2484
2487
2484
2488
2491
2491
2488
2487
2487
2495
2495
2491
2487
2488
2491
2488
2487
2492
2491
2487
2492
2495
2491
2495
2492
2491
2488
2495
2492
2491
2492
2492
2492
2488
2491
2487
2487
2488
2487
2488
2491
2484
2487
2487
2488
2491
2492
2488
2484
2488
2492
2492
2491
2488
2491
2488
2487
2487
2488
2492
2495
2495
2492
2499
2495
2491
2492
2492
2491
2488
2484
2488
2491
2495
2491
2488
2491
2488
2483
2488
2492
2491
2488
2487
2488
2492
2492
2487
2487
2491
2492
2488
2487
2487
2492
2491
2488
2491
2495
2488
2488
2491
2492
2491
2488
2488
2491
2492
2492
2491
2488
2491
2491
2491
2495
2492
2488
2488
2495
2491
2492
2488
2492
2491
2492
2495
2487
2491
2484
2483
2484
2488
2491
2484
2487
2488
2491
2491
2488
2491
2491
2487
2488
2484
2488
2487
2484
2488
2488
2491
2492
2491
2488
2491
2491
2495
2492
2492
2488
2487
2491
2491
2488
2492
2496
2492
2487
2488
2488
2492
2488
2488
2491
2491
2488
2487
2488
2492
2491
2492
2491
2492
2471
2499
2535
2519
2468
2380
2303
2256
2323
2484
2587
2592
2599
2572
2595
2599
2544
2523
2492
2536
2496
2467
2428
2411
2411
2443
2480
2504
2544
2567
2611
2580
2459
2376
2375
2532
2655
2664
2616
2467
2299
2263
2296
2451
2604
2663
2631
2584
2516
2435
2319
2283
2299
2296
2423
2584
2584
2471
2400
2435
2472
2628
2732
2764
2755
2631
2483
2367
2263
2235
2364
2472
2451
2487
2516
2571
2623
2659
2571
2428
2320
2304
2379
2487
2540
2568
2575
2563
2587
2595
2556
2516
2483
2412
2459
2551
2524
2487
2443
2427
2543
2580
2531
2415
2275
2252
2391
2556
2643
2659
2596
2499
2467
2420
2424
2552
2568
2587
2552
2428
2316
2304
2379
2463
2535
2539
2579
2627
2587
2503
2500
2456
2396
2395
2384
2440
2488
2523
2535
2559
2592
2584
2580
2588
2480
2416
2384
2411
2500
2540
2543
2524
2431
2408
2427
2428
2439
2452
2444
2488
2619
2696
2703
2620
2431
2271
2207
2315
2480
2584
2667
2707
2648
2527
2360
2296
2268
2275
2339
2512
2656
2628
2528
2511
2464
2423
2431
2503
2544
2615
2611
2552
2524
2504
2468
2464
2448
2404
2388
2396
2415
2483
2508
2543
2576
2563
2604
2644
2587
2512
2395
2260
2263
2319
2368
2468
2575
2556
2531
2483
2451
2484
2519
2607
2675
2700
2692
2599
2475
2387
2280
2235
2288
2411
2588
2667
2659
2595
2491
2467
2435
2415
2503
2536
2516
2503
2448
2412
2455
2536
2536
2527
2579
2576
2511
2455
2460
2479
2439
2440
2399
2364
2388
2423
2456
2559
2603
2575
2560
2572
2528
2484
2427
2420
2475
2483
2524
2556
2596
2599
2592
2508
2404
2368
2359
2416
2467
2568
2619
2556
2464
2387
2359
2363
2400
2472
2508
2532
2552
2563
2588
2600
2531
2456
2476
2451
2420
2415
2436
2464
2523
2560
2519
2487
2451
2375
2388
2483
2536
2524
2511
2495
2475
2503
2512
2496
2479
2476
2487
2500
2495
2524
2556
2535
2520
2520
2504
2451
2355
2356
2412
2520
2600
2604
2552
2507
2412
2371
2432
2487
2499
2544
2580
2560
2500
2447
2456
2495
2508
2496
2476
2444
2508
2512
2523
2535
2523
2468
2423
2456
2439
2428
2419
2436
2512
2548
2551
2547
2519
2519
2523
2552
2536
2487
2484
2503
2528
2555
2511
2476
2452
2435
2388
2355
2392
2468
2516
2584
2579
2523
2484
2479
2439
2464
2524
2548
2503
2448
2463
2508
2495
2524
2551
2495
2471
2496
2488
2479
2471
2475
2440
2415
2432
2452
2496
2540
2579
2563
2539
2468
2451
2456
2488
2516
2543
2535
2516
2483
2491
2512
2579
2556
2512
2472
2447
2400
2372
2368
2404
2471
2500
2511
2535
2508
2511
2536
2539
2527
2503
2428
2423
2488
2516
2527
2527
2536
2539
2488
2436
2415
2419
2447
2464
2520
2564
2559
2508
2460
2419
2439
2487
2495
2479
2472
2480
2487
2527
2580
2588
2572
2556
2531
2527
2515
2480
2384
2336
2347
2356
2407
2460
2499
2531
2524
2539
2540
2551
2515
2483
2451
2475
2492
2507
2539
2599
2607
2564
2508
2452
2440
2484
2507
2496
2455
2432
2408
2464
2531
2556
2556
2548
2524
2504
2447
2399
2424
2440
2452
2496
2576
2631
2623
2555
2455
2387
2392
2412
2420
2459
2492
2508
2511
2503
2471
2475
2508
2507
2500
2499
2495
2484
2500
2511
2503
2472
2472
2488
2532
2547
2524
2468
2439
2452
2496
2523
2571
2567
2500
2440
2435
2444
2460
2452
2456
2479
2507
2503
2488
2471
2472
2468
2511
2552
2579
2551
2532
2488
2440
2415
2399
2427
2471
2468
2496
2536
2532
2519
2539
2516
2472
2448
2427
2412
2435
2488
2528
2551
2539
2504
2463
2455
2503
2511
2500
2535
2524
2507
2504
2499
2491
2499
2472
2447
2467
2479
2468
2463
2496
2516
2511
2512
2496
2463
2428
2452
2495
2500
2508
2516
2515
2508
2507
2524
2531
2519
2480
2440
2436
2459
2479
2480
2480
2479
2472
2459
2455
2503
2547
2551
2567
2543
2508
2483
2467
2455
2452
2480
2475
2456
2488
2515
2519
2519
2491
2476
2475
2487
2491
2460
2455
2476
2487
2487
2487
2448
2423
2448
2492
2520
2540
2535
2532
2527
2504
2500
2532
2552
2547
2487
2420
2407
2408
2436
2475
2495
2536
2560
2552
2512
2484
2471
2447
2431
2447
2468
2492
2504
2484
2467
2492
2532
2528
2504
2476
2475
2483
2503
2504
2495
2452
2420
2400
2423
2452
2496
2516
2499
2496
2499
2476
2479
2483
2480
2503
2520
2524
2512
2503
2527
2527
2523
2516
2499
2492
2483
2475
2464
2460
2456
2464
2492
2532
2531
2496
2452
2428
2447
2483
2531
2543
2540
2551
2548
2532
2511
2480
2472
2460
2452
2448
2451
2475
2504
2508
2507
2479
2448
2431
2444
2488
2532
2539
2512
2495
2484
2464
2475
2484
2499
2511
2523
2524
2519
2512
2495
2459
2475
2467
2459
2471
2464
2487
2492
2499
2527
2536
2532
2503
2487
2480
2484
2487
2467
2448
2463
2480
2520
2531
2507
2463
2448
2467
2504
2551
2568
2544
2500
2472
2452
2456
2464
2447
2459
2492
2516
2536
2555
2555
2528
2495
2464
2460
2464
2456
2464
2480
2488
2504
2519
2519
2499
2484
2467
2451
2451
2447
2455
2504
2536
2532
2511
2468
2444
2436
2452
2484
2532
2551
2556
2567
2547
2508
2476
2436
2416
2439
2456
2472
2512
2531
2519
2508
2500
2496
2503
2504
2503
2488
2464
2443
2475
2496
2495
2483
2455
2480
2508
2527
2535
2527
2512
2511
2496
2460
2447
2447
2451
2460
2479
2496
2507
2507
2504
2512
2515
2480
2464
2456
2463
2475
2491
2479
2468
2487
2500
2507
2508
2503
2500
2495
2487
2480
2487
2488
2491
2491
2512
2491
2460
2444
2452
2487
2524
2548
2540
2536
2539
2504
2480
2479
2500
2519
2527
2528
2523
2507
2499
2472
2459
2455
2448
2468
2468
2456
2467
2484
2488
2499
2492
2480
2479
2476
2487
2492
2512
2535
2536
2512
2488
2472
2452
2464
2488
2500
2508
2492
2463
2459
2472
2484
2499
2507
2504
2504
2504
2499
2499
2503
2508
2496
2479
2455
2436
2447
2471
2487
2508
2532
2543
2519
2496
2492
2491
2487
2491
2475
2459
2451
2451
2459
2488
2496
2519
2520
2524
2516
2503
2504
2500
2492
2491
2472
2459
2460
2463
2464
2491
2511
2515
2512
2504
2500
2499
2488
2468
2452
2444
2444
2460
2487
2504
2507
2515
2512
2507
2495
2475
2471
2464
2472
2488
2511
2528
2524
2508
2491
2488
2484
2468
2463
2480
2491
2487
2484
2479
2491
2499
2511
2512
2512
2519
2492
2471
2471
2487
2508
2511
2512
2512
2515
2504
2495
2483
2459
2456
2468
2479
2488
2500
2503
2484
2476
2475
2475
2459
2463
2488
2499
2496
2491
2496
2523
2527
2520
2519
2516
2515
2500
2487
2480
2468
2459
2451
2447
2447
2463
2475
2491
2511
2532
2531
2515
2507
2496
2496
2499
2496
2507
2520
2520
2512
2499
2484
2487
2488
2487
2487
2483
2479
2476
2472
2475
2467
2455
2455
2467
2479
2480
2500
2523
2544
2539
2516
2511
2492
2487
2492
2488
2487
2472
2460
2455
2452
2463
2475
2492
2500
2507
2491
2463
2459
2459
2468
2488
2496
2511
2527
2523
2492
2476
2464
2471
2479
2488
2495
2495
2495
2499
2495
2480
2476
2480
2476
2495
2508
2511
2507
2492
2472
2436
2432
2468
2511
2539
2543
2532
2511
2483
2464
2459
2468
2491
2515
2523
2520
2507
2499
2487
2480
2472
2472
2472
2471
2463
2468
2484
2496
2499
2499
2507
2527
2532
2524
2499
2483
2475
2492
2495
2488
2483
2472
2476
2488
2492
2484
2468
2471
2491
2499
2503
2496
2504
2487
2480
2472
2479
2487
2495
2508
2512
2496
2483
2475
2480
2491
2495
2507
2523
2524
2524
2516
2500
2468
2452
2444
2452
2472
2500
2512
2508
2491
2472
2472
2476
2491
2512
2511
2504
2511
2499
2492
2484
2476
2475
2488
2488
2487
2479
2476
2487
2488
2480
2487
2495
2496
2488
2483
2479
2483
2492
2508
2532
2527
2503
2480
2476
2476
2479
2487
2500
2512
2520
2524
2500
2479
2471
2468
2460
2464
2475
2480
2468
2468
2483
2491
2495
2503
2519
2535
2531
2512
2495
2488
2479
2476
2476
2487
2499
2488
2471
2472
2488
2504
2503
2495
2484
2487
2480
2479
2488
2487
2492
2487
2491
2516
2532
2531
2520
2487
2464
2459
2467
2487
2503
2512
2508
2511
2504
2480
2464
2455
2471
2487
2488
2484
2492
2492
2487
2480
2483
2496
2515
2523
2516
2499
2491
2483
2492
2504
2496
2496
2503
2492
2492
2480
2464
2471
2483
2484
2491
2491
2491
2499
2504
2500
2488
2487
2499
2499
2500
2500
2504
2495
2483
2484
2484
2488
2496
2503
2507
2492
2476
2460
2467
2471
2471
2471
2487
2487
2487
2488
2491
2492
2499
2512
2523
2520
2508
2492
2480
2467
2460
2464
2471
2472
2479
2496
2515
2512
2500
2491
2480
2480
2472
2475
2491
2504
2515
2508
2507
2496
2483
2480
2484
2484
2480
2487
2491
2488
2492
2499
2503
2507
2495
2480
2468
2460
2456
2460
2480
2500
2496
2491
2495
2496
2492
2491
2496
2507
2519
2527
2523
2504
2484
2476
2472
2471
2467
2480
2488
2488
2487
2475
2472
2475
2483
2488
2487
2491
2496
2508
2512
2516
2515
2496
2487
2487
2492
2496
2492
2495
2496
2500
2491
2484
2476
2476
2476
2479
2484
2479
2480
2487
2496
2499
2492
2479
2475
2479
2491
2504
2515
2524
2528
2523
2500
2479
2472
2468
2467
2467
2472
2483
2492
2500
2496
2488
2488
2491
2487
2492
2492
2480
2476
2483
2496
2503
2504
2503
2503
2504
2499
2492
2491
2491
2491
2487
2484
2476
2467
2467
2472
2476
2484
2492
2492
2487
2480
2488
2495
2500
2488
2491
2504
2512
2508
2515
2523
2515
2495
2468
2459
2452
2467
2484
2495
2496
2500
2491
2484
2475
2467
2464
2468
2476
2480
2496
2504
2512
2508
2508
2504
2503
2503
2504
2503
2491
2471
2459
2460
2468
2475
2475
2484
2503
2507
2496
2492
2480
2464
2467
2468
2484
2500
2511
2523
2527
2508
2496
2492
2499
2499
2487
2480
2471
2480
2476
2476
2484
2487
2483
2475
2472
2476
2475
2479
2492
2508
2507
2508
2519
2516
2519
2515
2503
2488
2483
2483
2479
2480
2475
2483
2488
2491
2484
2487
2476
2488
2488
2488
2495
2495
2484
2480
2471
2475
2487
2500
2515
2519
2516
2519
2508
2492
2480
2476
2479
2483
2483
2480
2484
2495
2503
2504
2504
2500
2495
2491
2491
2495
2507
2500
2495
2484
2468
2467
2475
2488
2504
2511
2520
2520
2511
2499
2480
2475
2472
2484
2492
2488
2480
2487
2488
2491
2492
2488
2487
2484
2488
2484
2495
2503
2504
2512
2507
2496
2491
2484
2495
2495
2487
2480
2488
2492
2488
2480
2476
2472
2476
2479
2484
2484
2483
2492
2504
2507
2515
2507
2503
2495
2484
2488
2492
2496
2496
2491
2488
2487
2491
2484
2479
2472
2475
2484
2492
2495
2495
2491
2491
2488
2492
2495
2496
2499
2496
2495
2496
2504
2511
2499
2487
2479
2488
2492
2495
2495
2499
2499
2492
2484
2475
2476
2483
2484
2491
2496
2491
2487
2484
2483
2480
2487
2488
2499
2512
2508
2500
2499
2495
2491
2484
2476
2471
2468
2471
2476
2479
2491
2491
2492
2492
2495
2491
2480
2484
2496
2511
2512
2508
2507
2507
2504
2499
2496
2491
2475
2472
2467
2471
2479
2479
2488
2484
2483
2483
2483
2492
2500
2507
2503
2492
2484
2491
2488
2487
2484
2487
2492
2496
2496
2496
2495
2491
2484
2480
2480
2487
2483
2480
2479
2476
2479
2487
2495
2492
2496
2495
2492
2487
2491
2488
2484
2488
2484
2483
2487
2499
2507
2511
2503
2496
2488
2484
2476
2475
2479
2476
2476
2475
2483
2492
2496
2496
2496
2492
2491
2491
2491
2495
2496
2496
2495
2499
2495
2484
2480
2480
2483
2480
2480
2480
2483
2480
2479
2479
2488
2492
2500
2504
2508
2503
2499
2500
2503
2503
2496
2491
2488
2495
2499
2492
2483
2484
2487
2484
2476
2472
2476
2483
2488
2487
2487
2495
2499
2500
2499
2495
2488
2491
2495
2496
2499
2500
2495
2495
2496
2488
2480
2480
2487
2488
2491
2491
2495
2500
2495
2480
2476
2476
2475
2487
2500
2503
2503
2499
2492
2492
2492
2495
2495
2496
2496
2499
2495
2496
2503
2491
2487
2479
2472
2472
2472
2479
2484
2491
2496
2492
2499
2507
2508
2499
2491
2491
2495
2496
2499
2496
2500
2508
2507
2500
2487
2479
2476
2471
2475
2479
2483
2480
2484
2487
2487
2488
2499
2511
2507
2500
2500
2496
2500
2499
2496
2499
2491
2488
2488
2484
2484
2483
2484
2487
2487
2495
2492
2492
2488
2488
2491
2488
2488
2488
2491
2491
2495
2495
2496
2500
2500
2504
2500
2495
2492
2495
2496
2491
2488
2495
2496
2496
2487
2484
2488
2492
2492
2487
2491
2492
2492
2496
2500
2499
2499
2492
2488
2495
2499
2500
2495
2491
2495
2488
2487
2488
2492
2491
2488
2479
2475
2471
2475
2480
2480
2488
2499
2500
2508
2507
2496
2488
2484
2484
2488
2495
2496
2492
2491
2491
2492
2492
2492
2495
2487
2488
2491
2491
2483
2480
2487
2496
2499
2495
2492
2495
2491
2487
2484
2484
2487
2496
2496
2499
2499
2492
2488
2487
2483
2480
2483
2492
2495
2499
2495
2491
2483
2488
2492
2491
2483
2488
2487
2491
2492
2499
2503
2499
2491
2483
2487
2488
2495
2492
2487
2484
2491
2488
2487
2491
2488
2484
2483
2484
2488
2492
2495
2491
2492
2496
2503
2500
2495
2496
2492
2496
2491
2487
2491
2491
2492
2492
2492
2487
2483
2480
2487
2488
2488
2484
2484
2480
2484
2487
2487
2491
2496
2500
2500
2496
2491
2491
2484
2487
2484
2487
2495
2495
2492
2491
2487
2488
2488
2488
2480
2484
2484
2488
2488
2492
2491
2492
2496
2495
2488
2484
2484
2487
2487
2492
2496
2499
2491
2488
2483
2484
2492
2495
2492
2492
2492
2495
2488
2487
2483
2480
2487
2491
2491
2495
2495
2495
2500
2499
2496
2500
2500
2495
2496
2495
2484
2480
2480
2487
2484
2484
2484
2483
2476
2479
2479
2480
2491
2496
2492
2488
2488
2491
2491
2480
2487
2491
2496
2499
2499
2495
2495
2491
2488
2483
2484
2487
2488
2487
2484
2484
2492
2492
2488
2488
2491
2492
2492
2491
2492
2495
2492
2492
2495
2495
2495
2488
2491
2492
2495
2496
2495
2484
2483
2487
2491
2491
2495
2491
2488
2491
2491
2487
2483
2491
2487
2492
2495
2496
2500
2495
2488
2487
2487
2487
2488
2488
2488
2484
2492
2491
2492
2492
2488
2491
2488
2488
2487
2491
2492
2492
2495
2499
2503
2504
2504
2499
2495
2488
2484
2483
2488
2499
2496
2499
2495
2492
2492
2491
2487
2484
2488
2483
2480
2484
2495
2496
2496
2495
2492
2491
2491
2495
2492
2495
2495
2492
2491
2492
2496
2492
2492
2484
2488
2492
2495
2491
2491
2488
2484
2491
2495
2495
2500
2500
2496
2492
2488
2491
2492
2495
2487
2480
2480
2488
2491
2491
2495
2491
2491
2488
2492
2488
2484
2487
2492
2495
2488
2487
2491
2488
2487
2488
2492
2488
2488
2492
2499
2500
2495
2491
2488
2488
2488
2491
2487
2488
2491
2488
2492
2491
2488
2487
2484
2487
2487
2488
2491
2491
2492
2496
2496
2503
2504
2495
2488
2491
2491
2491
2491
2499
2499
2496
2492
2488
2487
2488
2495
2492
2491
2488
2484
2491
2495
2496
2496
2495
2492
2492
2495
2488
2496
2495
2495
2492
2496
2499
2495
2492
2496
2495
2487
2487
2487
2484
2488
2491
2492
2492
2492
2492
2491
2491
2488
2488
2488
2487
2488
2487
2491
2491
2491
2492
2499
2492
2495
2492
2495
2488
2483
2480
2487
2488
2487
2480
2483
2487
2492
2488
2495
2495
2492
2492
2492
2496
2499
2495
2491
2484
2484
2484
2487
2491
2495
2491
2495
2495
2487
2475
2479
2484
2488
2492
2491
2491
2491
2484
2488
2495
2495
2487
2484
2491
2492
2492
2488
2484
2491
2500
2499
2492
2487
2484
2484
2487
2483
2484
2488
2488
2484
2487
2492
2496
2492
2495
2491
2484
2488
2491
2492
2499
2499
2495
2495
2492
2492
2492
2491
2492
2488
2484
2484
2479
2479
2483
2491
2491
2492
2491
2491
2495
2487
2488
2495
2492
2491
2495
2499
2496
2491
2492
2488
2487
2484
2487
2491
2491
2495
2491
2487
2483
2484
2488
2488
2487
2484
2491
2496
2495
2491
2492
2496
2496
2492
2491
2492
2491
2487
2488
2488
2484
2484
2487
2491
2492
2491
2487
2480
2484
2488
2487
2483
2484
2491
2495
2495
2496
2499
2499
2492
2492
2495
2496
2492
2488
2491
2496
2491
2487
2483
2483
2488
2491
2488
2487
2487
2495
2496
2491
2488
2491
2491
2487
2488
2491
2495
2499
2496
2492
2492
2495
2496
2491
2487
2487
2488
2488
2491
2492
2488
2491
2492
2488
2491
2487
2488
2491
2492
2488
2488
2492
2496
2499
2500
2488
2484
2488
2491
2491
2487
2491
2492
2487
2492
2492
2492
2491
2488
2484
2487
2484
2491
2491
2496
2496
2495
2495
2503
2503
2492
2488
2487
2488
2487
2484
2491
2495
2492
2496
2496
2492
2491
2491
2488
2487
2487
2488
2487
2491
2491
2488
2492
2492
2492
2495
2492
2488
2491
2492
2488
2487
2487
2488
2495
2491
2491
2488
2488
2484
2484
2491
2496
2492
2487
2492
2495
2491
2491
2491
2491
2487
2488
2492
2495
2492
2495
2495
2491
2487
2488
2488
2488
2488
2488
2487
2487
2488
2487
2487
2491
2491
2492
2491
2492
2492
2492
2496
2500
2496
2495
2488
2488
2484
2495
2495
2491
2484
2487
2488
2488
2492
2492
2488
2491
2492
2491
2487
2488
2487
2484
2491
2495
2488
2492
2495
2492
2492
2492
2491
2492
2491
2491
2491
2491
2491
2491
2491
2488
2488
2488
2480
2479
2480
2487
2488
2499
2492
2492
2495
2499
2495
2488
2484
2488
2491
2495
2488
2488
2487
2488
2488
2495
2488
2488
2484
2483
2483
2484
2488
2492
2496
2496
2499
2492
2492
2488
2487
2491
2495
2491
2491
2492
2495
2492
2491
2484
2491
2492
2487
2484
2483
2480
2484
2487
2487
2491
2488
2492
2495
2496
2492
2491
2495
2496
2496
2488
2492
2491
2492
2491
2491
2491
2488
2487
2484
2484
2491
2491
2491
2487
2484
2488
2491
2487
2484
2488
2491
2491
2484
2495
2496
2491
2488
2491
2492
2492
2488
2487
2492
2495
2495
2492
2491
2488
2491
2488
2491
2492
2488
2491
2488
2487
2487
2487
2488
2491
2492
2496
2488
2492
2495
2491
2483
2483
2488
2488
2483
2484
2487
2480
2480
2487
2487
2488
2492
2491
2487
2488
2487
2488
2491
2492
2488
2487
2491
2484
2484
2483
2487
2495
2496
2492
2491
2491
2495
2488
2483
2487
2487
2487
2484
2491
2492
2488
2495
2496
2495
2491
2487
2492
2495
2492
2487
2487
2491
2496
2496
2491
2484
2483
2488
2495
2495
2488
2488
2491
2491
2487
2488
2488
2491
2491
2488
2487
2488
2491
2491
2487
2488
2491
2491
2488
2491
2491
2495
2499
2496
2495
2491
2487
2484
2488
2484
2487
2495
2496
2492
2495
2496
2491
2491
2495
2496
2488
2491
2495
2495
2488
2488
2496
2495
2488
2488
2488
2488
2488
2487
2491
2488
2484
2488
2495
2496
2488
2492
2492
2492
2488
2491
2491
2492
2488
2484
2488
2492
2495
2495
2492
2491
2492
2491
2487
2491
2491
2491
2488
2491
2488
2488
2492
2491
2484
2484
2483
2487
2487
2491
2492
2495
2496
2495
2496
2492
2484
2487
2492
2492
2488
2488
2492
2495
2491
2491
2488
2488
2487
2487
2487
2487
2488
2492
2488
2488
2492
2496
2491
2491
2488
2488
2492
2496
2492
2495
2491
2491
2488
2488
2487
2492
2488
2487
2487
2491
2495
2488
2487
2492
2491
2487
2487
2496
2495
2488
2488
2491
2488
2492
2495
2495
2492
2488
2487
2492
2491
2487
2484
2487
2488
2488
2491
2488
2491
2487
2484
2487
2487
2491
2491
2491
2492
2496
2495
2495
2495
2495
2495
2492
2492
2496
2495
2495
2487
2488
2488
2488
2488
2487
2488
2492
2491
2492
2488
2495
2491
2492
2492
2491
2492
2488
2488
2488
2491
2488
2488
2488
2491
2487
2484
2491
2492
2488
2484
2487
2488
2491
2491
2491
2487
2491
2491
2491
2488
2484
2487
2495
2496
2495
2492
2495
2491
2487
2484
2491
2496
2499
2491
2484
2484
2488
2491
2492
2492
2491
2491
2491
2491
2492
2495
2491
2488
2488
2487
2491
2492
2495
2488
2488
2491
2492
2492
2487
2484
2487
2484
2487
2491
2492
2492
2492
2491
2491
2487
2483
2491
2491
2491
2491
2491
2491
2492
2496
2495
2495
2491
2484
2487
2487
2491
2487
2488
2491
2488
2488
2492
2492
2488
2487
2483
2491
2495
2492
2492
2496
2495
2487
2484
2488
2487
2488
2491
2491
2488
2488
2487
2487
2488
2487
2488
2488
2488
2492
2491
2491
2491
2492
2496
2492
2491
2491
2496
2492
2491
2488
2491
2491
2491
2487
2492
2491
2487
2487
2488
2492
2491
2488
2488
2487
2487
2484
2488
2491
2491
2495
2492
2492
2491
2488
2491
2488
2487
2491
2495
2495
2492
2492
2491
2487
2487
2492
2491
2488
2487
2488
2491
2492
2492
2492
2495
2491
2491
2491
2495
2484
2487
2492
2488
2488
2491
2496
2492
2487
2487
2487
2495
2495
2491
2491
2491
2488
2488
2488
2488
2488
2491
2491
2491
2488
2487
2488
2491
2487
2487
2487
2487
2488
2491
2488
2492
2491
2487
2491
2491
2488
2488
2488
2487
2487
2484
2495
2495
2492
2484
2488
2492
2496
2492
2491
2487
2487
2492
2492
2492
2491
2491
2492
2492
2492
2488
2484
2488
2492
2495
2492
2491
2491
2492
2495
2492
2491
2491
2492
2488
2488
2488
2488
2491
2495
2500
2492
2492
2491
2491
2491
2492
2488
2488
2492
2492
2488
2495
2496
2495
2491
2488
2488
2488
2491
2488
2487
2487
2488
2488
2488
2491
2492
2488
2488
2487
2491
2495
2496
2492
2491
2487
2491
2495
2492
2491
2488
2492
2492
2492
2499
2488
2488
2488
2488
2492
2491
2484
2484
2488
2488
2491
2492
2487
2484
2488
2484
2488
2491
2488
2488
2488
2491
2492
2491
2491
2492
2495
2495
2488
2488
2488
2491
2484
2487
2492
2496
2495
2488
2487
2491
2499
2496
2491
2491
2491
2491
2488
2491
2492
2492
2491
2492
2495
2492
2491
2491
2487
2487
2492
2492
2491
2491
2488
2491
2496
2488
2484
2484
2492
2491
2487
2491
2491
2488
2492
2495
2495
2495
2491
2484
2487
2491
2492
2492
2484
2488
2488
2487
2491
2491
2491
2492
2492
2495
2495
2491
2488
2491
2487
2487
2484
2488
2491
2492
2492
2488
2491
2488
2496
2492
2487
2487
2491
2492
2495
2491
2492
2491
2487
2487
2488
2487
2488
2492
2492
2488
2487
2488
2488
2484
2484
2488
2495
2495
2492
2492
2487
2487
2491
2491
2495
2495
2495
2496
2495
2491
2487
2488
2488
2491
2491
2492
2492
2492
2491
2492
2491
2488
2488
2487
2492
2492
2488
2484
2483
2483
2484
2491
2492
2488
2487
2488
2491
2487
2488
2487
2487
2495
2492
2495
2488
2488
2491
2491
2492
2487
2491
2495
2495
2491
2488
2492
2488
2488
2492
2496
2492
2492
2488
2491
2488
2487
2487
2488
2487
2488
2492
2491
2488
2491
2491
2487
2483
2484
2492
2492
2491
2488
2491
2488
2491
2488
2487
2484
2488
2491
2488
2492
2492
2491
2488
2487
2491
2492
2487
2484
2491
2495
2495
2491
2488
2492
2495
2491
2488
2487
2484
2488
2491
2488
2491
2491
2488
2492
2492
2491
2488
2488
2491
2487
2491
2492
2491
2491
2491
2492
2491
2492
2491
2491
2488
2491
2496
2499
2492
2488
2488
2496
2491
2487
2487
2491
2488
2487
2492
2492
2488
2488
2484
2487
2483
2487
2488
2491
2487
2491
2488
2487
2487
2488
2484
2488
2488
2487
2488
2492
2495
2487
2484
2484
2487
2495
2495
2492
2491
2491
2492
2488
2484
2488
2492
2492
2491
2491
2488
2488
2492
2491
2488
2488
2491
2495
2492
2491
2491
2488
2484
2491
2495
2491
2491
2487
2491
2499
2492
2491
2487
2488
2491
2488
2492
2492
2492
2491
2488
2495
2496
2496
2492
2491
2488
2492
2492
2492
2492
2491
2487
2491
2492
2488
2491
2488
2488
2491
2495
2495
2488
2492
2495
2495
2496
2492
2492
2492
2492
2492
2484
2487
2491
2495
2495
2492
2491
2491
2491
2492
2488
2487
2488
2488
2487
2488
2492
2492
2491
2488
2491
2488
2488
2487
2491
2488
2488
2492
2491
2487
2491
2491
2491
2492
2496
2491
2488
2492
2495
2487
2491
2488
2492
2492
2492
2488
2487
2488
2492
2491
2492
2492
2491
2491
2492
2492
2487
2488
2492
2491
2487
2491
2492
2492
2488
2488
2488
2488
2492
2491
2488
2488
2492
2492
2495
2495
2491
2491
2487
2484
2492
2496
2492
2491
2492
2496
2495
2492
2492
2491
2488
2488
2488
2488
2491
2492
2487
2487
2492
2495
2491
2487
2495
2492
2491
2488
2491
2491
2488
2491
2491
2484
2487
2487
2492
2491
2488
2487
2487
2488
2492
2491
2491
2492
2492
2495
2492
2488
2495
2488
2492
2488
2491
2492
2495
2492
2491
2487
2488
2491
2491
2487
2492
2491
2488
2488
2491
2491
2488
2491
2491
2487
2488
2487
2491
2488
2491
2491
2487
2487
2491
2495
2495
2491
2487
2488
2492
2492
2491
2492
2491
2495
2492
2492
2488
2488
2491
2487
2491
2492
2491
2492
2488
2491
2492
2492
2491
2491
2492
2488
2491
2488
2495
2492
2487
2488
2487
2488
2487
2487
2488
2487
2491
2487
2487
2491
2491
2491
2487
2488
2488
2487
2491
2488
2491
2484
2483
2488
2491
2492
2487
2487
2491
2495
2492
2491
2487
2491
2488
2491
2491
2492
2491
2488
2491
2488
2488
2487
2487
2488
2487
2488
2487
2487
2488
2488
2488
2487
2488
2488
2487
2484
2487
2488
2491
2491
2492
2492
2492
2495
2487
2488
2488
2495
2499
2492
2491
2495
2488
2484
2491
2495
2492
2484
2483
2491
2491
2487
2488
2495
2492
2492
2491
2495
2495
2491
2491
2495
2491
2487
2491
2492
2492
2492
2491
2491
2492
2495
2491
2487
2488
2491
2492
2491
2487
2484
2487
2488
2492
2492
2495
2491
2488
2492
2492
2495
2491
2492
2492
2492
2491
2491
2491
2488
2487
2488
2491
2487
2488
2491
2484
2488
2487
2491
2484
2488
2491
2491
2488
2495
2496
2491
2491
2492
2487
2488
2488
2491
2488
2488
2487
2488
2488
2487
2483
2487
2491
2492
2492
2491
2492
2492
2491
2492
2492
2495
2491
2484
2488
2487
2488
2491
2491
2491
2495
2491
2491
2491
2492
2491
2491
2488
2491
2488
2492
2495
2491
2492
2492
2492
2487
2484
2492
2499
2495
2491
2487
2487
2484
2484
2487
2492
2491
2488
2487
2491
2492
2491
2492
2492
2495
2491
2487
2492
2492
2488
2484
2488
2488
2484
2488
2495
2495
2492
2492
2492
2488
2487
2484
2488
2492
2491
2491
2492
2495
2495
2488
2491
2496
2488
2487
2484
2492
2491
2487
2488
2491
2495
2492
2492
2491
2488
2488
2488
2488
2484
2488
2492
2492
2488
2488
2488
2488
2491
2491
2488
2488
2491
2491
2495
2492
2496
2496
2491
2491
2488
2484
2488
2492
2495
2491
2488
2491
2491
2492
2495
2495
2491
2492
2492
2491
2488
2488
2487
2492
2495
2496
2492
2492
2495
2491
2492
2487
2487
2488
2491
2491
2488
2488
2491
2492
2492
2487
2492
2492
2491
2488
2488
2488
2487
2488
2488
2491
2488
2492
2491
2488
2492
2495
2487
2487
2488
2492
2491
2491
2487
2487
2491
2492
2487
2484
2488
2491
2488
2483
2480
2487
2491
2492
2488
2488
2491
2492
2488
2491
2491
2495
2492
2487
2492
2492
2492
2491
2488
2488
2492
2487
2484
2484
2488
2487
2487
2484
2484
2487
2495
2491
2492
2492
2492
2491
2491
2488
2488
2488
2487
2488
2487
2491
2488
2487
2492
2492
2492
2488
2487
2488
2488
2487
2491
2491
2491
2492
2492
2491
2491
2492
2491
2487
2487
2487
2495
2496
2492
2492
2488
2492
2492
2488
2488
2488
2488
2487
2492
2488
2487
2491
2488
2491
2488
2495
2492
2488
2484
2488
2491
2491
2484
2488
2491
2492
2491
2488
2487
2491
2495
2496
2491
2491
2488
2491
2491
2487
2491
2491
2491
2487
2488
2496
2496
2492
2487
2491
2491
2491
2491
2484
2488
2495
2496
2499
2495
2492
2492
2491
2488
2487
2491
2491
2488
2488
2491
2488
2487
2487
2491
2487
2487
2484
2488
2491
2491
2491
2492
2487
2487
2491
2495
2491
2487
2487
2491
2496
2488
2487
2492
2491
2491
2487
2487
2495
2492
2488
2487
2492
2492
2492
2488
2488
2492
2491
2488
2491
2495
2492
2488
2491
2491
2487
2487
2491
2492
2491
2487
2484
2484
2487
2491
2491
2487
2488
2496
2495
2491
2488
2491
2495
2491
2492
2491
2488
2487
2488
2488
2491
2492
2488
2487
2491
2488
2488
2491
2495
2492
2491
2491
2495
2491
2491
2492
2495
2492
2488
2495
2492
2492
2491
2491
2492
2492
2492
2491
2492
2495
2488
2491
2488
2488
2492
2491
2491
2491
2491
2492
2492
2491
2488
2492
2491
2488
2488
2488
2488
2495
2488
2488
2491
2492
2488
2487
2488
2492
2492
2487
2487
2488
2488
2495
2492
2491
2492
2491
2495
2495
2496
2492
2491
2492
2491
2492
2488
2491
2491
2492
2492
2488
2491
2495
2492
2491
2484
2484
2487
2488
2487
2491
2488
2488
2487
2487
2491
2488
2488
2491
2488
2491
2487
2487
2487
2488
2491
2488
2491
2492
2488
2488
2491
2491
2484
2488
2492
2491
2488
2491
2488
2488
2488
2487
2491
2488
2487
2484
2487
2492
2491
2491
2492
2491
2491
2488
2484
2487
2487
2488
2488
2488
2488
2491
2488
2488
2487
2488
2495
2492
2487
2491
2492
2492
2488
2488
2492
2491
2491
2488
2495
2496
2484
2484
2487
2483
2487
2487
2488
2492
2491
2492
2488
2487
2491
2492
2491
2484
2484
2488
2491
2491
2487
2484
2487
2491
2491
2495
2492
2492
2491
2491
2491
2491
2488
2487
2484
2484
2488
2495
2495
2491
2491
2488
2491
2495
2495
2495
2484
2488
2492
2491
2487
2487
2488
2491
2491
2492
2488
2488
2492
2492
2492
2488
2491
2495
2495
2495
2492
2488
2488
2492
2491
2488
2488
2491
2491
2491
2484
2488
2488
2492
2488
2488
2492
2492
2491
2488
2484
2488
2488
2487
2488
2491
2492
2491
2484
2488
2492
2495
2491
2491
2492
2491
2487
2488
2491
2492
2488
2491
2491
2492
2495
2488
2495
2495
2495
2491
2488
2491
2491
2492
2491
2491
2492
2491
2492
2492
2495
2492
2491
2491
2495
2495
2491
2492
2495
2495
2492
2492
2492
2492
2492
2495
2492
2492
2492
2491
2488
2487
2487
2488
2491
2487
2487
2487
2488
2491
2492
2491
2488
2491
2488
2491
2491
2491
2488
2488
2491
2495
2492
2491
2488
2488
2488
2488
2491
2492
2495
2495
2487
2484
2483
2488
2488
2488
2492
2488
2491
2491
2488
2491
2484
2484
2487
2491
2491
2491
2487
2488
2492
2491
2492
2491
2487
2488
2491
2492
2488
2491
2487
2488
2492
2491
2487
2488
2488
2488
2491
2488
2491
2491
2491
2491
2492
2488
2487
2488
2491
2491
2491
2495
2496
2492
2491
2491
2488
2487
2492
2492
2492
2492
2492
2492
2488
2491
2492
2488
2487
2487
2487
2492
2496
2492
2488
2487
2492
2496
2492
2491
2495
2495
2495
2491
2492
2495
2491
2487
2491
2491
2495
2491
2491
2491
2491
2492
2495
2492
2492
2492
2495
2495
2491
2488
2495
2496
2495
2491
2488
2492
2492
2488
2487
2487
2487
2487
2492
2491
2491
2484
2484
2492
2492
2488
2484
2487
2492
2491
2492
2488
2492
2491
2491
2496
2492
2491
2491
2492
2488
2487
2491
2492
2492
2488
2487
2484
2491
2496
2487
2487
2491
2491
2487
2483
2484
2492
2496
2495
2492
2491
2492
2492
2492
2488
2491
2495
2491
2487
2492
2491
2488
2496
2491
2487
2491
2492
2491
2491
2488
2488
2491
2488
2488
2491
2491
2491
2488
2488
2492
2495
2492
2492
2495
2491
2488
2492
2491
2488
2488
2487
2487
2488
2492
2495
2495
2499
2496
2495
2491
2488
2491
2495
2495
2491
2487
2484
2492
2492
2487
2487
2487
2491
2488
2488
2487
2488
2495
2492
2491
2491
2488
2488
2495
2495
2491
2488
2484
2488
2491
2492
2491
2491
2492
2491
2491
2492
2492
2492
2495
2492
2495
2487
2491
2495
2492
2495
2491
2491
2495
2492
2492
2496
2491
2491
2491
2487
2488
2491
2492
2495
2491
2487
2492
2495
2495
2492
2491
2488
2484
2488
2495
2491
2488
2487
2487
2488
2491
2495
2495
2484
2487
2491
2491
2495
2492
2491
2488
2495
2487
2487
2491
2492
2491
2492
2492
2491
2488
2484
2484
2484
2491
2496
2496
2492
2491
2484
2488
2492
2496
2492
2488
2484
2488
2492
2491
2491
2491
2491
2495
2496
2492
2491
2491
2491
2491
2492
2492
2488
2487
2492
2491
2495
2492
2491
2491
2492
2491
2488
2496
2495
2488
2488
2491
2492
2488
2488
2488
2487
2487
2491
2488
2488
2483
2488
2491
2488
2484
2487
2488
2487
2488
2492
2491
2488
2488
2491
2491
2491
2491
2491
2491
2491
2491
2488
2488
2491
2491
2488
2484
2488
2491
2488
2488
2495
2491
2488
2491
2491
2495
2496
2491
2488
2491
2491
2491
2492
2492
2496
2495
2495
2492
2491
2492
2492
2491
2492
2487
2491
2492
2495
2488
2491
2495
2495
2496
2495
2495
2492
2491
2488
2492
2496
2492
2488
2492
2488
2491
2487
2488
2491
2492
2491
2492
2492
2491
2488
2488
2488
2491
2492
2492
2492
2488
2488
2492
2492
2491
2488
2491
2488
2491
2491
2495
2488
2491
2491
2491
2492
2492
2495
2495
2488
2492
2495
2496
2495
2487
2487
2495
2492
2488
2492
2492
2491
2491
2495
2491
2491
2492
2495
2492
2496
2495
2495
2488
2491
2492
2496
2488
2487
2487
2488
2491
2492
2491
2488
2488
2491
2491
2492
2488
2488
2484
2487
2488
2488
2488
2492
2495
2492
2491
2488
2491
2491
2492
2488
2491
2495
2491
2492
2487
2488
2495
2495
2491
2492
2488
2484
2487
2492
2491
2488
2491
2492
2488
2488
2487
2492
2488
2488
2487
2487
2488
2487
2487
2483
2488
2495
2487
2483
2476
2488
2492
2488
2488
2488
2487
2488
2491
2491
2492
2491
2484
2492
2495
2496
2492
2491
2487
2488
2492
2492
2488
2491
2491
2495
2496
2499
2491
2491
2496
2496
2495
2484
2487
2495
2492
2488
2491
2492
2488
2488
2488
2492
2492
2492
2491
2488
2487
2492
2491
2492
2492
2488
2487
2488
2491
2491
2487
2487
2491
2495
2491
2488
2488
2492
2491
2487
2487
2492
2496
2495
2491
2487
2492
2492
2491
2488
2492
2491
2491
2487
2491
2496
2495
2487
2488
2491
2488
2488
2488
2491
2492
2488
2495
2496
2491
2491
2484
2488
2492
2492
2487
2488
2491
2495
2492
2491
2487
2495
2496
2492
2484
2487
2491
2488
2487
2491
2492
2488
2484
2488
2488
2488
2492
2496
2496
2496
2492
2495
2495
2492
2491
2491
2495
2492
2491
2492
2492
2492
2488
2487
2491
2495
2492
2488
2488
2491
2495
2488
2484
2484
2487
2492
2492
2488
2484
2487
2484
2484
2491
2495
2492
2491
2488
2487
2491
2492
2492
2488
2492
2491
2488
2487
2491
2491
2491
2491
2491
2492
2492
2488
2492
2496
2488
2483
2487
2487
2480
2487
2496
2495
2487
2483
2484
2487
2488
2495
2492
2487
2488
2488
2488
2495
2491
2488
2487
2491
2492
2492
2487
2487
2487
2491
2491
2492
2491
2491
2487
2487
2488
2491
2488
2491
2488
2488
2488
2488
2491
2488
2488
2492
2495
2491
2491
2491
2491
2492
2495
2492
2491
2491
2492
2488
2491
2488
2491
2492
2491
2492
2491
2487
2484
2487
2488
2492
2492
2488
2491
2488
2488
2487
2488
2492
2495
2487
2491
2492
2491
2487
2487
2491
2492
2495
2495
2492
2495
2491
2491
2492
2491
2496
2495
2496
2488
2488
2491
2488
2496
2491
2487
2491
2488
2487
2491
2491
2492
2487
2491
2491
2492
2492
2491
2492
2488
2484
2487
2487
2487
2487
2487
2487
2491
2488
2491
2491
2488
2496
2492
2488
2484
2484
2495
2495
2492
2488
2492
2491
2491
2491
2491
2495
2491
2487
2488
2492
2496
2495
2492
2491
2492
2492
2491
2492
2495
2491
2491
2491
2491
2488
2488
2495
2491
2488
2488
2492
2492
2495
2492
2495
2492
2488
2487
2491
2492
2491
2487
2484
2487
2488
2491
2491
2492
2491
2488
2487
2491
2492
2492
2491
2496
2495
2491
2488
2491
2487
2484
2491
2492
2488
2487
2488
2491
2492
2487
2488
2491
2491
2488
2488
2487
2488
2487
2492
2491
2488
2491
2492
2492
2492
2488
2488
2491
2495
2492
2488
2484
2487
2488
2488
2487
2491
2491
2488
2487
2484
2487
2488
2487
2487
2492
2492
2484
2487
2491
2492
2491
2488
2488
2491
2488
2484
2488
2484
2484
2484
2487
2491
2488
2487
2491
2496
2491
2487
2492
2499
2495
2496
2492
2496
2488
2488
2488
2488
2492
2492
2491
2487
2484
2487
2492
2491
2491
2491
2487
2488
2488
2484
2488
2488
2492
2491
2487
2484
2488
2484
2491
2487
2488
2495
2492
2488
2491
2488
2487
2483
2484
2487
2491
2491
2487
2487
2488
2491
2496
2495
2488
2487
2487
2491
2491
2492
2495
2487
2492
2488
2492
2491
2491
2491
2491
2491
2491
2491
2488
2488
2492
2499
2491
2488
2488
2488
2491
2491
2487
2492
2491
2492
2487
2488
2495
2496
2491
2488
2488
2495
2495
2491
2491
2492
2488
2488
2488
2491
2488
2484
2480
2487
2491
2488
2488
2492
2491
2488
2484
2487
2488
2488
2491
2491
2488
2484
2491
2495
2492
2495
2495
2492
2488
2487
2488
2488
2488
2484
2480
2484
2487
2491
2488
2487
2487
2488
2488
2488
2487
2491
2488
2488
2487
2495
2491
2487
2488
2491
2491
2491
2491
2488
2491
2491
2492
2487
2491
2488
2491
2491
2487
2491
2488
2491
2492
2492
2491
2491
2488
2491
2492
2491
2491
2491
2491
2491
2488
2488
2487
2487
2484
2487
2487
2488
2487
2487
2488
2488
2488
2496
2492
2491
2491
2487
2491
2491
2491
2488
2491
2495
2492
2491
2491
2492
2495
2491
2487
2488
2491
2491
2491
2491
2491
2491
2487
2488
2487
2491
2491
2491
2496
2492
2491
2492
2491
2488
2488
2491
2491
2491
2492
2491
2492
2492
2492
2491
2491
2495
2492
2487
2484
2491
2495
2492
2491
2488
2488
2488
2487
2487
2488
2491
2492
2491
2495
2488
2487
2488
2487
2491
2491
2491
2495
2488
2484
2487
2488
2488
2488
2492
2488
2491
2495
2488
2491
2491
2492
2488
2491
2491
2492
2492
2488
2487
2492
2488
2488
2487
2487
2488
2492
2492
2488
2487
2491
2495
2491
2484
2487
2492
2492
2491
2491
2491
2495
2491
2491
2495
2495
2488
2488
2492
2495
2491
2488
2492
2495
2492
2495
2491
2487
2487
2488
2491
2495
2492
2488
2488
2491
2491
2492
2495
2492
2492
2492
2488
2491
2492
2491
2491
2492
2491
2492
2495
2492
2492
2488
2487
2488
2492
2492
2488
2484
2487
2488
2491
2488
2488
2488
2488
2488
2487
2491
2491
2487
2488
2492
2492
2492
2492
2492
2491
2491
2491
2491
2487
2491
2495
2488
2487
2488
2488
2492
2488
2491
2492
2488
2487
2483
2487
2488
2488
2484
2488
2492
2492
2488
2487
2491
2492
2491
2488
2487
2492
2499
2499
2491
2484
2488
2488
2491
2488
2487
2488
2488
2491
2492
2488
2488
2492
2487
2484
2487
2491
2488
2491
2487
2487
2484
2487
2491
2492
2487
2487
2488
2487
2487
2492
2491
2491
2492
2491
2487
2487
2491
2492
2491
2488
2491
2487
2484
2491
2496
2492
2487
2488
2491
2491
2495
2492
2491
2487
2491
2492
2495
2492
2487
2488
2495
2492
2491
2491
2492
2491
2491
2488
2484
2491
2491
2496
2491
2492
2491
2492
2492
2491
2491
2488
2487
2488
2495
2496
2496
2491
2491
2491
2491
2491
2488
2488
2492
2496
2492
2487
2487
2495
2496
2488
2487
2488
2487
2488
2488
2488
2488
2488
2491
2492
2491
2492
2491
2491
2491
2492
2495
2495
2491
2491
2491
2488
2487
2488
2491
2488
2491
2488
2492
2495
2491
2487
2491
2488
2488
2492
2491
2491
2492
2492
2491
2491
2495
2488
2492
2496
2495
2492
2495
2484
2487
2484
2491
2491
2491
2488
2491
2491
2488
2480
2487
2491
2491
2488
2488
2492
2491
2488
2488
2488
2496
2495
2488
2484
2492
2495
2492
2491
2491
2488
2491
2492
2492
2492
2488
2491
2492
2491
2487
2491
2488
2495
2492
2495
2487
2488
2492
2496
2492
2488
2488
2492
2496
2488
2488
2491
2491
2491
2492
2492
2495
2492
2492
2492
2491
2488
2487
2488
2492
2492
2491
2488
2491
2488
2488
2491
2491
2488
2488
2488
2488
2491
2492
2488
2488
2484
2484
2487
2491
2488
2488
2487
2491
2491
2487
2487
2488
2488
2492
2487
2487
2488
2488
2488
2487
2487
2488
2495
2495
2491
2487
2492
2495
2495
2495
2496
2499
2491
2492
2491
2491
2495
2495
2491
2487
2484
2491
2492
2492
2488
2491
2488
2487
2488
2491
2488
2487
2488
2492
2491
2488
2487
2487
2491
2495
2491
2487
2488
2491
2492
2488
2492
2488
2488
2491
2492
2495
2495
2491
2488
2492
2496
2491
2491
2492
2495
2492
2488
2491
2495
2495
2492
2488
2487
2488
2491
2492
2484
2484
2491
2495
2487
2491
2488
2491
2491
2491
2491
2488
2488
2491
2491
2483
2483
2492
2496
2495
2491
2488
2491
2492
2491
2491
2487
2488
2491
2491
2487
2491
2492
2492
2488
2487
2492
2495
2488
2488
2488
2488
2492
2495
2491
2488
2488
2491
2495
2495
2491
2495
2492
2495
2492
2487
2487
2487
2491
2495
2492
2488
2487
2488
2496
2492
2495
2491
2488
2492
2495
2491
2495
2495
2495
2491
2492
2487
2484
2487
2484
2487
2484
2484
2491
2492
2491
2487
2484
2488
2492
2491
2484
2488
2487
2495
2496
2495
2488
2488
2484
2487
2491
2492
2488
2488
2488
2495
2496
2492
2488
2488
2488
2492
2492
2488
2488
2492
2491
2488
2492
2491
2491
2491
2487
2488
2492
2492
2487
2488
2488
2491
2495
2488
2488
2488
2488
2496
2492
2488
2491
2491
2492
2492
2491
2488
2487
2487
2488
2491
2491
2491
2491
2491
2488
2484
2492
2496
2492
2487
2487
2491
2495
2495
2491
2492
2492
2496
2492
2491
2488
2488
2491
2492
2492
2491
2488
2491
2492
2492
2488
2495
2496
2492
2492
2491
2491
2491
2488
2492
2491
2492
2491
2491
2491
2491
2491
2488
2491
2488
2488
2491
2492
2491
2488
2491
2492
2492
2488
2488
2488
2492
2488
2495
2495
2491
2488
2488
2492
2488
2491
2484
2488
2491
2495
2495
2491
2491
2495
2492
2491
2488
2492
2492
2491
2488
2488
2491
2495
2491
2492
2488
2491
2492
2491
2491
2491
2495
2491
2487
2491
2488
2488
2492
2491
2488
2483
2487
2488
2491
2488
2484
2487
2492
2487
2483
2488
2495
2491
2488
2495
2492
2491
2491
2491
2488
2491
2492
2491
2492
2488
2488
2487
2492
2492
2491
2487
2491
2488
2491
2488
2491
2488
2488
2491
2496
2495
2488
2491
2492
2495
2491
2487
2488
2484
2491
2491
2492
2491
2492
2491
2487
2488
2492
2492
2491
2491
2491
2492
2495
2492
2496
2492
2488
2491
2491
2496
2495
2492
2491
2496
2496
2495
2491
2488
2491
2499
2492
2491
2491
2492
2491
2492
2495
2495
2492
2491
2484
2488
2492
2491
2491
2492
2495
2492
2492
2492
2488
2484
2484
2491
2492
2492
2491
2491
2491
2491
2484
2487
2492
2492
2492
2488
2488
2487
2488
2487
2491
2492
2492
2488
2484
2488
2488
2491
2488
2491
2487
2487
2488
2488
2492
2496
2495
2488
2488
2491
2492
2492
2488
2487
2491
2491
2496
2492
2488
2488
2488
2491
2488
2488
2492
2492
2491
2492
2487
2487
2492
2496
2496
2488
2492
2491
2491
2487
2488
2488
2488
2492
2491
2492
2491
2491
2492
2491
2495
2492
2491
2491
2492
2491
2492
2488
2487
2487
2492
2495
2491
2487
2484
2487
2492
2491
2484
2487
2487
2491
2491
2491
2487
2483
2487
2487
2491
2491
2484
2487
2492
2491
2491
2484
2487
2491
2491
2484
2487
2491
2495
2492
2488
2488
2491
2492
2492
2491
2488
2491
2492
2492
2488
2484
2491
2492
2491
2488
2487
2492
2491
2491
2488
2487
2488
2492
2491
2491
2488
2488
2495
2495
2492
2492
2492
2495
2488
2492
2491
2492
2492
2491
2492
2492
2491
2492
2488
2492
2491
2495
2492
2484
2484
2491
2491
2488
2488
2487
2488
2492
2491
2491
2495
2491
2491
2492
2491
2491
2488
2488
2491
2488
2492
2492
2492
2491
2484
2488
2491
2488
2492
2492
2488
2484
2488
2488
2484
2487
2492
2492
2491
2488
2488
2491
2491
2491
2491
2487
2487
2488
2491
2492
2491
2487
2488
2491
2491
2491
2488
2487
2487
2491
2492
2491
2488
