2487
2487
2487
2487
2487
2487
2487
2487
2487
2487
2487
2487
2487
2487
2487
2487
2487
2487
2487
2487
2487
2487
2487
2487
2487
2487
2487
2487
2487
2487
2487
2487
2487
2487
2487
2487
2487
2487
2487
2487
2487
2487
2487
2487
2487
2487
2487
2487
2487
2487
2487
2487
2487
2487
2487
2487
2487
2487
2487
2487
2487
2487
2487
2487
2487
2487
2487
2487
2487
2487
2487
2487
2487
2487
2487
2487
2487
2487
2487
2487
2487
2487
2487
2487
2487
2487
2487
2487
2487
2487
2487
2487
2487
2487
2487
2487
2487
2487
2487
2487
2487
2487
2487
2487
2487
2487
2487
2487
2487
2487
2487
2487
2487
2487
2487
2487
2487
2487
2487
2487
2487
2487
2487
2487
2487
2487
2487
2487
2487
2487
2487
2487
2487
2487
2487
2487
2487
2487
2487
2487
2487
2487
2487
2487
2487
2487
2487
2487
2487
2487
2487
2487
2487
2487
2487
2487
2487
2487
2487
2487
2487
2487
2487
2487
2487
2487
2487
2487
2487
2487
2487
2487
2487
2487
2487
2487
2487
2487
2487
2487
2487
2487
2487
2487
2487
2487
2487
2487
2487
2487
2487
2487
2487
2487
2487
2487
2487
2487
2487
2487
2487
2487
2487
2487
2487
2487
2487
2487
2487
2487
2487
2487
2487
2487
2487
2487
2487
2487
2487
2487
2487
2487
2484
2487
2484
2484
2487
2487
2491
2488
2488
2488
2492
2495
2492
2492
2488
2488
2487
2487
2487
2492
2492
2495
2496
2491
2487
2491
2492
2491
2487
2491
2491
2492
2491
2492
2488
2487
2488
2491
2495
2491
2491
2487
2488
2492
2492
2492
2488
2492
2492
2491
2492
2492
2495
2495
2491
2491
2495
2492
2492
2495
2491
2488
2491
2492
2488
2488
2492
2496
2492
2491
2488
2491
2491
2492
2491
2487
2483
2487
2495
2495
2487
2487
2487
2492
2492
2488
2492
2495
2491
2491
2484
2487
2487
2491
2491
2487
2484
2483
2491
2492
2488
2487
2487
2488
2492
2492
2488
2492
2492
2495
2495
2491
2487
2491
2492
2488
2488
2487
2492
2491
2487
2491
2492
2488
2488
2495
2492
2495
2492
2488
2491
2492
2488
2488
2495
2495
2495
2492
2491
2488
2492
2492
2492
2492
2487
2487
2487
2487
2491
2488
2488
2487
2484
2487
2487
2484
2487
2488
2491
2491
2488
2491
2487
2484
2487
2491
2492
2491
2487
2488
2488
2488
2491
2487
2488
2491
2491
2488
2492
2491
2487
2487
2491
2491
2488
2487
2488
2491
2495
2491
2484
2487
2491
2488
2484
2487
2487
2491
2492
2488
2491
2491
2492
2492
2488
2488
2491
2491
2492
2488
2492
2491
2487
2492
2488
2491
2491
2491
2492
2491
2491
2492
2492
2492
2492
2492
2488
2487
2491
2491
2491
2495
2496
2499
2491
2492
2492
2488
2491
2492
2488
2488
2492
2495
2491
2492
2491
2491
2491
2492
2492
2492
2487
2492
2491
2491
2487
2491
2491
2495
2491
2491
2491
2495
2491
2491
2491
2491
2487
2491
2496
2460
2511
2607
2560
2460
2243
2079
2108
2292
2516
2688
2744
2675
2604
2644
2488
2407
2491
2580
2628
2572
2443
2432
2428
2492
2551
2571
2479
2476
2579
2483
2460
2475
2463
2499
2572
2619
2680
2672
2423
2123
2067
2251
2596
2791
2816
2696
2544
2339
2363
2372
2288
2235
2280
2436
2624
2687
2571
2396
2324
2336
2484
2764
2796
2675
2527
2392
2444
2491
2483
2511
2428
2364
2443
2580
2639
2500
2388
2315
2499
2584
2608
2608
2455
2287
2284
2343
2491
2631
2671
2660
2539
2463
2383
2432
2515
2455
2471
2491
2532
2635
2587
2471
2364
2239
2247
2439
2740
2820
2767
2651
2512
2335
2159
2139
2283
2464
2675
2764
2680
2480
2248
2220
2399
2628
2691
2640
2616
2516
2480
2492
2416
2296
2203
2343
2547
2599
2672
2584
2447
2407
2572
2776
2815
2672
2340
2136
2220
2452
2532
2496
2428
2408
2376
2520
2652
2675
2543
2360
2328
2440
2584
2700
2663
2547
2344
2179
2255
2403
2507
2591
2695
2808
2815
2703
2507
2259
2079
2132
2427
2612
2619
2515
2436
2392
2380
2467
2499
2567
2647
2604
2536
2507
2460
2484
2524
2572
2564
2455
2312
2300
2295
2372
2519
2632
2628
2623
2612
2616
2532
2404
2312
2272
2327
2368
2479
2663
2776
2695
2480
2340
2328
2432
2571
2667
2660
2599
2503
2408
2375
2344
2272
2288
2400
2615
2791
2764
2528
2375
2240
2359
2544
2616
2628
2547
2428
2339
2439
2607
2679
2575
2336
2235
2436
2635
2659
2600
2507
2424
2427
2440
2491
2508
2431
2328
2307
2431
2528
2564
2599
2668
2664
2571
2471
2364
2332
2320
2448
2639
2771
2728
2567
2399
2311
2304
2363
2456
2619
2691
2664
2495
2320
2300
2371
2455
2475
2500
2575
2619
2591
2539
2476
2511
2519
2556
2584
2508
2400
2375
2371
2396
2451
2499
2504
2496
2508
2472
2436
2420
2424
2468
2519
2607
2659
2564
2471
2424
2407
2356
2444
2464
2472
2604
2692
2712
2648
2459
2175
2028
2087
2324
2583
2688
2655
2563
2392
2371
2476
2559
2584
2588
2507
2507
2556
2551
2495
2483
2452
2455
2504
2500
2500
2460
2404
2448
2535
2580
2591
2536
2464
2427
2455
2423
2451
2492
2468
2471
2515
2544
2587
2551
2483
2487
2456
2444
2523
2599
2592
2544
2423
2347
2251
2308
2404
2500
2583
2651
2631
2568
2496
2392
2332
2331
2368
2496
2636
2636
2571
2467
2404
2464
2500
2540
2579
2568
2580
2555
2448
2348
2371
2479
2563
2592
2544
2436
2319
2380
2511
2567
2548
2519
2512
2555
2555
2579
2496
2355
2311
2368
2512
2632
2644
2595
2404
2267
2303
2367
2484
2587
2592
2588
2564
2535
2515
2439
2364
2336
2432
2583
2719
2744
2659
2508
2408
2395
2411
2396
2432
2495
2496
2452
2423
2468
2520
2504
2504
2539
2511
2460
2471
2524
2528
2556
2531
2487
2475
2488
2507
2499
2463
2427
2428
2447
2515
2592
2604
2599
2519
2371
2308
2339
2403
2500
2608
2671
2659
2563
2467
2419
2431
2408
2419
2487
2571
2568
2516
2408
2384
2431
2480
2552
2584
2559
2512
2419
2399
2448
2512
2540
2531
2464
2440
2491
2520
2479
2480
2491
2504
2543
2567
2507
2456
2435
2412
2448
2571
2623
2579
2511
2411
2384
2372
2391
2460
2487
2500
2547
2587
2584
2540
2464
2424
2444
2451
2427
2455
2524
2575
2608
2576
2499
2452
2468
2495
2495
2492
2499
2487
2427
2379
2423
2479
2488
2483
2467
2463
2476
2488
2488
2475
2487
2523
2492
2499
2512
2527
2500
2472
2496
2519
2540
2552
2539
2500
2427
2356
2367
2444
2503
2559
2619
2632
2607
2523
2447
2344
2292
2332
2451
2591
2691
2679
2571
2448
2399
2396
2423
2451
2519
2524
2519
2507
2491
2468
2451
2432
2475
2508
2519
2523
2507
2468
2499
2512
2547
2556
2547
2500
2460
2452
2443
2451
2492
2492
2484
2520
2536
2495
2455
2431
2424
2427
2455
2495
2543
2592
2575
2536
2499
2476
2444
2420
2444
2512
2547
2535
2488
2444
2447
2479
2467
2500
2555
2567
2547
2548
2491
2400
2375
2371
2404
2507
2584
2612
2583
2532
2504
2459
2428
2435
2504
2539
2520
2480
2448
2440
2464
2503
2543
2540
2496
2455
2416
2399
2408
2415
2463
2516
2555
2564
2563
2504
2444
2435
2456
2488
2508
2519
2543
2532
2519
2496
2452
2419
2435
2444
2491
2520
2511
2480
2428
2403
2431
2480
2539
2552
2552
2563
2555
2519
2496
2488
2479
2483
2468
2459
2472
2488
2495
2540
2560
2560
2528
2476
2420
2380
2396
2431
2507
2551
2539
2536
2544
2539
2495
2420
2372
2392
2423
2468
2523
2544
2551
2531
2503
2480
2468
2475
2496
2512
2519
2532
2528
2484
2455
2440
2443
2444
2455
2483
2519
2515
2491
2467
2431
2444
2511
2551
2567
2575
2511
2468
2479
2483
2459
2488
2528
2520
2476
2440
2420
2424
2456
2496
2528
2568
2592
2548
2491
2459
2440
2439
2463
2519
2564
2592
2560
2488
2428
2412
2427
2456
2496
2520
2527
2516
2496
2456
2436
2415
2411
2415
2484
2548
2576
2547
2495
2451
2463
2487
2520
2540
2519
2484
2499
2491
2460
2435
2455
2480
2500
2536
2551
2523
2500
2455
2459
2504
2523
2500
2463
2479
2491
2504
2507
2488
2484
2476
2479
2503
2520
2511
2492
2468
2443
2447
2472
2519
2571
2575
2543
2476
2404
2363
2383
2447
2504
2560
2588
2576
2511
2472
2448
2436
2476
2495
2500
2512
2499
2471
2467
2455
2472
2483
2484
2479
2500
2499
2479
2495
2504
2491
2504
2540
2563
2540
2471
2407
2399
2464
2548
2584
2567
2539
2499
2472
2459
2455
2431
2431
2439
2467
2500
2528
2516
2480
2463
2479
2496
2520
2524
2496
2475
2480
2484
2500
2492
2495
2492
2504
2551
2536
2503
2455
2411
2408
2456
2507
2524
2492
2451
2435
2467
2487
2495
2504
2512
2523
2527
2512
2495
2492
2496
2492
2500
2508
2503
2472
2443
2440
2480
2487
2467
2476
2503
2540
2556
2523
2479
2451
2427
2440
2443
2467
2527
2579
2568
2540
2516
2472
2455
2484
2519
2532
2507
2483
2467
2440
2427
2428
2448
2475
2527
2547
2531
2503
2488
2483
2484
2527
2556
2539
2476
2427
2427
2460
2504
2512
2499
2491
2483
2483
2484
2483
2455
2423
2432
2463
2511
2560
2547
2507
2463
2435
2432
2460
2496
2508
2511
2532
2559
2556
2528
2511
2491
2472
2463
2475
2504
2503
2487
2476
2467
2463
2475
2495
2500
2495
2479
2492
2495
2483
2472
2479
2496
2523
2516
2487
2475
2472
2467
2492
2515
2523
2515
2504
2491
2459
2432
2428
2447
2472
2495
2524
2524
2512
2492
2447
2435
2471
2500
2512
2527
2551
2551
2523
2488
2484
2472
2460
2463
2492
2512
2508
2483
2443
2436
2444
2496
2528
2531
2512
2488
2483
2500
2520
2536
2516
2492
2456
2455
2471
2483
2472
2472
2484
2483
2488
2496
2500
2491
2476
2471
2459
2471
2491
2496
2508
2512
2491
2472
2495
2511
2512
2492
2483
2487
2491
2484
2492
2492
2492
2495
2496
2491
2488
2480
2475
2467
2488
2488
2484
2491
2491
2483
2468
2468
2484
2479
2484
2511
2511
2512
2508
2468
2451
2452
2496
2531
2539
2532
2515
2507
2484
2460
2432
2443
2471
2499
2524
2548
2540
2496
2451
2444
2455
2476
2507
2511
2488
2476
2475
2496
2500
2507
2488
2472
2472
2467
2468
2475
2492
2500
2496
2496
2492
2503
2492
2476
2488
2512
2519
2516
2512
2516
2516
2511
2483
2459
2456
2459
2464
2479
2504
2519
2524
2504
2492
2492
2487
2467
2468
2484
2511
2516
2516
2515
2508
2480
2455
2448
2452
2464
2483
2499
2520
2527
2511
2503
2504
2496
2476
2476
2476
2475
2472
2471
2464
2464
2475
2484
2500
2512
2504
2499
2488
2484
2487
2492
2492
2476
2459
2452
2468
2484
2503
2511
2519
2532
2532
2531
2503
2463
2439
2455
2495
2512
2495
2479
2496
2496
2475
2471
2495
2512
2512
2512
2527
2512
2472
2436
2435
2443
2452
2476
2495
2496
2495
2483
2479
2500
2519
2511
2507
2480
2460
2468
2483
2504
2515
2523
2504
2476
2468
2487
2508
2504
2491
2488
2504
2520
2523
2504
2492
2472
2440
2428
2447
2483
2495
2495
2508
2507
2496
2483
2491
2499
2503
2504
2500
2508
2511
2507
2503
2508
2496
2471
2472
2484
2488
2476
2468
2480
2491
2487
2503
2512
2508
2504
2499
2488
2483
2487
2492
2499
2496
2495
2508
2515
2507
2491
2479
2471
2471
2479
2499
2507
2492
2472
2475
2487
2496
2511
2524
2527
2500
2476
2464
2475
2476
2480
2487
2496
2496
2491
2479
2484
2487
2488
2488
2495
2491
2488
2487
2484
2488
2483
2484
2488
2491
2491
2479
2476
2492
2523
2544
2540
2519
2496
2479
2468
2468
2471
2471
2483
2492
2499
2499
2491
2491
2488
2491
2499
2491
2471
2468
2476
2484
2484
2468
2459
2472
2492
2512
2531
2528
2511
2492
2492
2495
2492
2471
2463
2476
2495
2503
2503
2484
2471
2463
2463
2479
2495
2500
2491
2479
2483
2484
2483
2491
2496
2504
2504
2500
2492
2499
2507
2503
2491
2487
2496
2491
2475
2471
2484
2483
2468
2476
2492
2507
2516
2516
2499
2480
2464
2460
2467
2492
2516
2536
2536
2512
2479
2456
2456
2456
2476
2488
2483
2480
2480
2483
2492
2500
2496
2496
2500
2507
2511
2519
2511
2492
2471
2456
2468
2487
2499
2504
2496
2484
2467
2475
2495
2512
2511
2500
2496
2488
2475
2460
2456
2468
2480
2503
2516
2519
2504
2484
2479
2484
2487
2484
2488
2507
2507
2500
2500
2488
2483
2488
2504
2516
2520
2515
2500
2479
2467
2475
2475
2483
2480
2476
2483
2488
2499
2488
2472
2471
2483
2499
2507
2511
2504
2483
2471
2471
2484
2491
2491
2484
2468
2464
2476
2496
2511
2504
2492
2487
2487
2491
2484
2484
2476
2468
2472
2484
2499
2508
2503
2496
2488
2483
2483
2484
2488
2476
2480
2487
2488
2491
2492
2492
2500
2507
2508
2503
2491
2479
2471
2471
2483
2487
2487
2483
2475
2476
2476
2483
2487
2492
2508
2519
2512
2496
2487
2476
2476
2480
2484
2488
2491
2495
2492
2487
2480
2484
2491
2496
2504
2496
2492
2500
2508
2499
2495
2487
2491
2492
2504
2504
2483
2472
2479
2479
2479
2480
2487
2495
2499
2496
2496
2495
2491
2488
2488
2500
2500
2499
2499
2487
2484
2479
2480
2484
2491
2496
2499
2495
2496
2488
2480
2479
2488
2503
2515
2519
2511
2495
2487
2492
2491
2487
2483
2480
2479
2475
2479
2484
2480
2468
2467
2483
2500
2516
2524
2512
2483
2471
2476
2492
2511
2519
2504
2496
2492
2487
2487
2484
2492
2492
2500
2504
2503
2492
2476
2471
2475
2495
2511
2516
2511
2488
2472
2475
2483
2479
2476
2488
2496
2492
2487
2480
2480
2488
2496
2504
2507
2508
2508
2503
2495
2483
2480
2488
2499
2496
2492
2496
2496
2480
2468
2471
2488
2492
2496
2511
2515
2504
2483
2468
2480
2496
2496
2491
2479
2476
2488
2496
2500
2496
2491
2491
2496
2508
2503
2484
2475
2476
2487
2495
2504
2499
2499
2495
2496
2499
2492
2492
2499
2491
2484
2480
2483
2491
2488
2487
2480
2480
2487
2491
2492
2491
2488
2491
2495
2496
2492
2484
2479
2483
2487
2491
2488
2483
2484
2495
2508
2515
2511
2495
2484
2484
2480
2476
2472
2484
2484
2484
2488
2484
2483
2484
2488
2491
2495
2492
2492
2488
2492
2491
2492
2492
2488
2487
2488
2480
2472
2476
2488
2492
2488
2491
2499
2511
2504
2487
2472
2468
2471
2483
2491
2491
2495
2500
2500
2499
2491
2483
2487
2487
2488
2492
2491
2483
2472
2463
2460
2467
2484
2500
2511
2507
2499
2495
2499
2500
2496
2480
2475
2475
2488
2496
2500
2495
2484
2479
2483
2499
2504
2503
2500
2500
2488
2479
2463
2456
2459
2475
2488
2504
2515
2507
2492
2484
2492
2507
2500
2500
2500
2496
2488
2475
2471
2476
2483
2483
2487
2496
2500
2499
2487
2479
2480
2487
2491
2491
2488
2480
2476
2476
2483
2483
2480
2484
2499
2512
2519
2515
2503
2491
2484
2483
2483
2484
2491
2492
2491
2488
2487
2488
2487
2480
2484
2496
2504
2507
2507
2492
2487
2480
2484
2492
2496
2495
2484
2488
2496
2499
2495
2488
2488
2488
2488
2487
2483
2476
2476
2479
2484
2495
2500
2503
2499
2495
2499
2503
2507
2503
2492
2484
2484
2488
2491
2495
2492
2488
2484
2483
2488
2491
2492
2492
2480
2476
2484
2495
2496
2499
2492
2496
2499
2499
2491
2488
2492
2492
2487
2488
2492
2499
2499
2496
2500
2495
2483
2476
2487
2491
2483
2484
2491
2495
2495
2496
2492
2487
2483
2488
2500
2503
2500
2503
2500
2495
2487
2483
2480
2492
2503
2500
2503
2496
2487
2480
2479
2483
2483
2479
2483
2492
2500
2500
2500
2495
2491
2488
2492
2503
2503
2496
2500
2496
2488
2479
2476
2476
2476
2484
2491
2496
2491
2484
2480
2484
2484
2496
2504
2511
2508
2500
2491
2484
2483
2492
2499
2508
2508
2507
2496
2488
2480
2480
2484
2491
2495
2495
2495
2483
2476
2468
2460
2471
2487
2503
2512
2519
2511
2495
2483
2476
2476
2483
2492
2500
2500
2495
2492
2488
2491
2488
2488
2496
2507
2503
2495
2484
2475
2464
2467
2479
2492
2495
2488
2487
2484
2487
2495
2496
2496
2495
2496
2495
2488
2483
2483
2476
2472
2475
2484
2488
2492
2500
2496
2488
2487
2484
2487
2488
2495
2500
2500
2504
2500
2499
2488
2484
2492
2495
2496
2484
2479
2480
2483
2484
2480
2479
2479
2483
2491
2484
2480
2479
2483
2487
2491
2496
2503
2507
2503
2499
2495
2487
2488
2483
2475
2475
2479
2480
2487
2492
2495
2495
2495
2488
2479
2471
2483
2484
2495
2499
2496
2496
2491
2483
2491
2492
2488
2487
2495
2491
2491
2495
2500
2495
2491
2488
2491
2495
2492
2491
2484
2488
2487
2487
2484
2488
2496
2495
2483
2475
2476
2488
2492
2488
2488
2487
2492
2500
2503
2499
2488
2484
2483
2479
2483
2483
2483
2480
2480
2487
2488
2488
2499
2508
2504
2503
2504
2500
2496
2491
2483
2475
2476
2483
2491
2487
2484
2488
2484
2483
2480
2484
2491
2495
2495
2480
2472
2471
2472
2483
2496
2496
2496
2500
2507
2508
2503
2491
2483
2480
2487
2484
2491
2487
2484
2479
2475
2484
2488
2495
2495
2492
2492
2492
2487
2480
2484
2480
2476
2483
2488
2488
2496
2503
2495
2499
2495
2495
2492
2491
2491
2492
2488
2483
2480
2480
2483
2483
2487
2491
2495
2496
2496
2499
2495
2491
2492
2491
2495
2500
2496
2487
2484
2484
2492
2492
2491
2487
2487
2484
2479
2483
2488
2491
2492
2492
2492
2495
2496
2496
2503
2503
2499
2492
2496
2496
2496
2495
2491
2492
2492
2488
2483
2479
2479
2480
2488
2488
2488
2488
2492
2492
2491
2492
2495
2495
2496
2495
2492
2491
2492
2499
2496
2495
2487
2495
2495
2496
2496
2492
2492
2491
2492
2488
2483
2484
2484
2491
2491
2488
2480
2484
2488
2491
2492
2495
2500
2503
2499
2492
2487
2484
2487
2487
2487
2487
2488
2491
2488
2488
2491
2492
2496
2495
2492
2487
2487
2487
2487
2491
2492
2492
2492
2495
2492
2496
2496
2495
2491
2487
2488
2491
2483
2479
2483
2484
2480
2476
2483
2492
2496
2496
2500
2503
2499
2492
2492
2492
2492
2492
2488
2488
2491
2492
2488
2484
2487
2492
2496
2499
2492
2487
2487
2491
2491
2492
2487
2487
2491
2492
2495
2488
2491
2495
2495
2488
2487
2483
2495
2500
2495
2491
2488
2492
2492
2488
2488
2488
2491
2487
2488
2488
2488
2487
2491
2492
2492
2487
2484
2480
2483
2484
2492
2495
2488
2488
2488
2488
2488
2495
2496
2496
2491
2495
2488
2491
2492
2491
2488
2487
2487
2484
2488
2495
2496
2496
2492
2491
2484
2479
2479
2483
2483
2488
2488
2488
2488
2495
2488
2491
2484
2484
2483
2484
2484
2487
2484
2488
2492
2491
2492
2492
2488
2484
2488
2491
2492
2487
2487
2488
2491
2488
2487
2488
2487
2484
2492
2492
2496
2495
2487
2484
2480
2480
2484
2483
2480
2483
2484
2488
2488
2491
2492
2487
2492
2499
2503
2499
2496
2492
2488
2488
2487
2483
2479
2484
2495
2496
2496
2492
2484
2484
2487
2491
2488
2484
2487
2491
2488
2488
2491
2491
2487
2487
2492
2492
2487
2491
2492
2495
2496
2499
2488
2488
2488
2488
2488
2491
2492
2491
2491
2492
2495
2495
2492
2484
2487
2492
2492
2492
2492
2495
2496
2495
2488
2480
2480
2479
2480
2483
2484
2491
2491
2488
2488
2488
2495
2492
2495
2488
2487
2488
2488
2487
2495
2495
2492
2488
2487
2487
2487
2488
2495
2492
2491
2488
2491
2487
2487
2491
2491
2491
2487
2491
2496
2496
2492
2488
2487
2484
2488
2488
2492
2495
2499
2499
2495
2495
2492
2491
2491
2484
2484
2487
2488
2492
2492
2492
2492
2491
2491
2496
2491
2488
2487
2488
2491
2491
2491
2484
2484
2488
2492
2492
2495
2496
2500
2504
2507
2496
2484
2487
2492
2495
2488
2480
2484
2487
2488
2491
2488
2488
2496
2492
2487
2488
2495
2495
2496
2496
2495
2487
2483
2487
2491
2488
2484
2484
2488
2492
2495
2492
2487
2484
2488
2484
2484
2487
2495
2488
2491
2492
2495
2495
2496
2500
2495
2495
2491
2491
2488
2483
2480
2484
2492
2488
2487
2484
2487
2492
2496
2488
2483
2484
2491
2495
2492
2488
2488
2495
2499
2503
2503
2499
2495
2492
2492
2491
2492
2488
2487
2487
2491
2492
2488
2488
2487
2491
2484
2487
2492
2495
2488
2488
2492
2491
2488
2488
2487
2495
2496
2499
2499
2499
2499
2492
2487
2484
2480
2480
2487
2484
2487
2488
2491
2496
2488
2487
2487
2488
2492
2495
2496
2499
2495
2495
2492
2492
2496
2495
2491
2484
2487
2491
2491
2484
2483
2487
2487
2488
2487
2484
2487
2488
2487
2488
2495
2499
2500
2499
2495
2491
2491
2488
2491
2488
2491
2488
2488
2488
2488
2488
2487
2488
2488
2491
2492
2492
2492
2491
2491
2488
2491
2491
2488
2491
2496
2495
2500
2496
2491
2491
2495
2492
2491
2488
2484
2483
2491
2491
2488
2488
2495
2495
2495
2492
2492
2491
2492
2487
2488
2484
2484
2487
2495
2495
2492
2491
2495
2491
2492
2495
2491
2487
2483
2484
2484
2487
2488
2488
2492
2495
2496
2492
2492
2491
2491
2492
2491
2496
2491
2491
2487
2484
2492
2496
2492
2488
2487
2488
2488
2487
2480
2488
2492
2495
2492
2496
2491
2492
2487
2487
2492
2492
2491
2488
2496
2495
2499
2495
2492
2491
2495
2488
2484
2483
2487
2484
2483
2488
2491
2492
2491
2492
2495
2488
2488
2487
2487
2488
2492
2495
2488
2492
2491
2487
2487
2488
2495
2491
2492
2495
2484
2483
2484
2488
2487
2487
2483
2487
2491
2491
2492
2495
2488
2487
2488
2488
2488
2491
2488
2488
2488
2491
2492
2487
2488
2492
2492
2487
2484
2487
2492
2491
2488
2491
2492
2491
2499
2491
2491
2495
2496
2491
2483
2483
2491
2488
2488
2487
2491
2484
2484
2487
2492
2492
2492
2491
2484
2487
2491
2491
2488
2487
2491
2495
2492
2492
2492
2492
2491
2487
2488
2492
2492
2492
2492
2492
2492
2492
2495
2491
2491
2484
2488
2492
2495
2495
2495
2488
2492
2487
2488
2491
2492
2492
2496
2495
2492
2491
2492
2492
2492
2491
2492
2488
2491
2491
2491
2488
2488
2488
2492
2488
2483
2487
2495
2492
2487
2487
2488
2487
2491
2488
2491
2488
2491
2495
2496
2491
2488
2483
2488
2491
2487
2487
2491
2491
2487
2488
2492
2492
2492
2491
2491
2495
2495
2492
2488
2491
2496
2495
2495
2492
2496
2491
2484
2484
2488
2491
2488
2484
2484
2491
2492
2487
2484
2488
2491
2492
2495
2495
2492
2488
2484
2488
2491
2496
2500
2503
2500
2500
2500
2495
2491
2491
2491
2491
2488
2488
2491
2492
2492
2492
2491
2492
2495
2495
2487
2487
2487
2488
2492
2488
2488
2487
2487
2487
2495
2496
2487
2487
2488
2484
2488
2491
2492
2495
2491
2491
2491
2488
2488
2487
2483
2487
2488
2491
2495
2495
2491
2488
2483
2487
2488
2495
2491
2492
2491
2487
2484
2488
2488
2491
2488
2491
2491
2488
2487
2487
2491
2488
2491
2492
2487
2488
2488
2488
2488
2492
2491
2488
2492
2492
2487
2487
2487
2488
2484
2487
2483
2491
2495
2488
2488
2491
2491
2488
2491
2488
2488
2492
2495
2492
2495
2492
2495
2495
2495
2492
2487
2488
2488
2492
2491
2488
2487
2488
2492
2488
2487
2487
2491
2488
2488
2488
2491
2488
2488
2491
2491
2492
2492
2491
2492
2488
2488
2487
2483
2487
2488
2491
2488
2492
2492
2491
2488
2491
2496
2491
2483
2487
2495
2495
2488
2495
2495
2491
2487
2491
2492
2492
2484
2487
2488
2492
2487
2488
2488
2488
2488
2495
2491
2487
2488
2492
2491
2488
2495
2495
2492
2488
2487
2484
2488
2488
2488
2488
2488
2492
2496
2495
2488
2488
2495
2491
2488
2484
2484
2488
2491
2491
2488
2487
2492
2491
2492
2495
2491
2488
2492
2491
2488
2488
2491
2492
2492
2491
2488
2484
2487
2487
2483
2487
2491
2484
2487
2487
2484
2491
2487
2488
2487
2487
2495
2496
2492
2488
2487
2488
2491
2491
2488
2491
2491
2488
2487
2488
2488
2491
2495
2491
2488
2488
2491
2491
2492
2488
2488
2487
2488
2492
2488
2487
2487
2487
2488
2488
2488
2491
2491
2491
2492
2495
2491
2487
2488
2495
2491
2488
2488
2495
2492
2492
2491
2491
2492
2492
2488
2488
2492
2491
2495
2495
2491
2491
2491
2488
2487
2491
2491
2488
2491
2488
2488
2491
2488
2492
2491
2492
2496
2491
2491
2495
2495
2491
2487
2491
2492
2496
2495
2492
2491
2492
2492
2491
2487
2488
2495
2492
2487
2484
2487
2492
2491
2495
2491
2492
2495
2492
2488
2488
2488
2487
2488
2491
2492
2492
2492
2495
2495
2488
2488
2488
2491
2496
2495
2492
2492
2487
2488
2488
2491
2488
2488
2488
2491
2488
2488
2488
2488
2491
2491
2492
2487
2487
2492
2495
2488
2488
2487
2488
2491
2488
2492
2496
2491
2488
2491
2491
2488
2488
2488
2492
2495
2491
2487
2487
2488
2492
2491
2495
2491
2496
2492
2491
2484
2492
2492
2488
2487
2492
2495
2495
2492
2488
2487
2491
2488
2491
2487
2488
2492
2496
2492
2491
2488
2487
2488
2491
2492
2495
2492
2491
2492
2492
2488
2487
2491
2491
2491
2492
2491
2487
2491
2488
2488
2488
2488
2487
2488
2491
2488
2488
2487
2491
2496
2496
2491
2492
2491
2491
2492
2496
2492
2488
2484
2483
2488
2495
2496
2496
2491
2491
2492
2492
2491
2488
2491
2491
2495
2487
2484
2492
2496
2491
2487
2491
2495
2491
2488
2487
2491
2488
2488
2488
2487
2491
2492
2495
2492
2487
2487
2488
2491
2495
2495
2488
2487
2488
2492
2491
2488
2492
2491
2484
2484
2484
2488
2492
2491
2484
2484
2488
2492
2491
2491
2492
2488
2488
2491
2492
2492
2487
2487
2488
2488
2491
2491
2488
2487
2488
2495
2491
2491
2495
2495
2492
2488
2492
2495
2495
2491
2491
2495
2492
2492
2488
2491
2491
2487
2487
2488
2495
2491
2488
2488
2491
2487
2488
2484
2487
2491
2488
2488
2488
2488
2480
2487
2491
2492
2491
2488
2484
2488
2491
2491
2487
2487
2484
2487
2491
2488
2487
2488
2491
2488
2491
2491
2492
2495
2488
2487
2487
2484
2488
2491
2491
2488
2487
2491
2492
2488
2491
2491
2488
2488
2491
2491
2495
2495
2491
2487
2488
2487
2487
2491
2488
2488
2491
2491
2488
2491
2499
2492
2495
2495
2488
2492
2491
2492
2492
2488
2484
2488
2487
2491
2488
2488
2488
2492
2492
2488
2488
2488
2488
2492
2487
2488
2491
2492
2492
2492
2488
2488
2495
2495
2488
2488
2487
2491
2492
2491
2492
2492
2495
2495
2488
2484
2487
2491
2488
2484
2491
2495
2491
2491
2487
2488
2487
2488
2491
2495
2488
2483
2484
2491
2491
2491
2488
2491
2492
2491
2492
2492
2492
2492
2488
2488
2492
2492
2492
2488
2495
2492
2487
2491
2492
2495
2491
2488
2491
2488
2488
2487
2484
2488
2492
2491
2488
2488
2487
2484
2483
2487
2487
2488
2492
2495
2491
2491
2488
2488
2492
2492
2491
2488
2492
2492
2491
2495
2496
2491
2491
2491
2488
2484
2484
2487
2488
2488
2488
2491
2487
2492
2488
2488
2492
2492
2492
2492
2495
2495
2492
2495
2491
2488
2487
2491
2492
2492
2491
2491
2491
2491
2492
2492
2488
2487
2488
2488
2484
2487
2488
2488
2491
2495
2495
2492
2495
2491
2491
2488
2491
2495
2488
2491
2495
2491
2492
2492
2488
2492
2491
2492
2491
2492
2491
2492
2488
2491
2492
2488
2491
2491
2488
2488
2492
2495
2495
2492
2488
2488
2488
2492
2492
2488
2491
2491
2492
2488
2491
2495
2491
2487
2487
2491
2495
2488
2488
2491
2488
2491
2492
2492
2496
2495
2488
2491
2491
2487
2487
2488
2492
2491
2488
2492
2495
2491
2491
2492
2492
2487
2487
2491
2487
2488
2484
2487
2488
2491
2491
2492
2492
2491
2492
2491
2491
2491
2496
2499
2499
2491
2491
2488
2491
2492
2491
2492
2492
2495
2491
2488
2487
2492
2492
2483
2488
2491
2487
2484
2488
2491
2491
2491
2488
2488
2488
2487
2484
2488
2491
2488
2495
2488
2492
2488
2492
2492
2491
2491
2492
2491
2487
2488
2492
2491
2491
2492
2488
2487
2491
2495
2495
2488
2487
2492
2492
2495
2496
2488
2491
2492
2495
2491
2488
2487
2488
2492
2491
2492
2492
2491
2491
2491
2487
2484
2487
2491
2495
2495
2491
2491
2495
2488
2488
2487
2488
2492
2492
2491
2487
2487
2487
2491
2488
2491
2491
2492
2492
2495
2492
2491
2488
2488
2487
2491
2491
2495
2488
2492
2488
2488
2484
2484
2488
2488
2487
2487
2487
2488
2492
2491
2488
2488
2484
2488
2491
2492
2488
2488
2487
2487
2487
2488
2491
2495
2488
2488
2491
2492
2492
2487
2484
2487
2492
2492
2488
2491
2492
2488
2487
2487
2487
2492
2495
2492
2488
2484
2483
2487
2492
2495
2488
2492
2491
2495
2495
2491
2491
2492
2491
2488
2488
2492
2495
2488
2488
2488
2487
2487
2487
2488
2488
2491
2492
2496
2488
2487
2492
2496
2492
2491
2484
2487
2491
2491
2491
2487
2487
2491
2491
2488
2495
2492
2488
2487
2491
2491
2492
2492
2492
2492
2487
2488
2495
2492
2488
2487
2488
2487
2488
2491
2488
2487
2492
2491
2495
2492
2487
2487
2492
2495
2488
2491
2496
2496
2488
2484
2491
2495
2496
2495
2492
2492
2491
2492
2491
2492
2492
2495
2496
2491
2487
2495
2488
2488
2488
2492
2491
2492
2495
2495
2491
2491
2487
2487
2488
2491
2488
2488
2488
2487
2487
2484
2488
2495
2495
2495
2495
2496
2492
2488
2491
2491
2487
2483
2483
2488
2491
2491
2491
2492
2488
2487
2487
2491
2495
2495
2491
2491
2496
2492
2492
2492
2495
2492
2492
2491
2491
2487
2491
2492
2492
2492
2488
2491
2491
2484
2491
2491
2491
2491
2491
2488
2491
2492
2488
2491
2492
2488
2487
2491
2492
2491
2491
2492
2491
2488
2491
2488
2492
2492
2491
2488
2484
2487
2492
2491
2487
2491
2487
2492
2492
2495
2496
2495
2491
2491
2488
2491
2488
2495
2495
2491
2488
2487
2487
2487
2488
2487
2487
2488
2488
2491
2488
2487
2484
2491
2492
2491
2487
2488
2491
2488
2484
2484
2488
2495
2495
2492
2488
2487
2488
2492
2491
2492
2488
2495
2492
2495
2488
2488
2492
2491
2491
2491
2491
2488
2488
2488
2487
2491
2491
2492
2492
2495
2495
2492
2488
2488
2492
2492
2487
2484
2491
2492
2488
2484
2488
2492
2492
2491
2488
2488
2491
2488
2488
2491
2491
2495
2492
2492
2492
2491
2487
2487
2495
2492
2491
2488
2488
2487
2491
2492
2492
2488
2488
2491
2492
2491
2491
2491
2488
2488
2488
2488
2488
2488
2491
2491
2491
2487
2488
2488
2487
2491
2495
2491
2491
2496
2492
2488
2487
2488
2488
2491
2488
2488
2488
2492
2495
2492
2495
2495
2495
2492
2492
2491
2488
2491
2491
2488
2488
2487
2491
2492
2495
2491
2484
2484
2487
2488
2492
2491
2492
2488
2488
2487
2488
2491
2492
2487
2488
2492
2492
2495
2492
2495
2495
2496
2495
2491
2491
2492
2491
2492
2495
2491
2492
2492
2491
2491
2491
2491
2491
2491
2496
2495
2492
2488
2487
2491
2488
2484
2487
2484
2491
2491
2492
2492
2491
2488
2484
2484
2491
2495
2495
2487
2487
2492
2495
2495
2488
2488
2488
2491
2492
2491
2491
2491
2495
2491
2491
2495
2495
2492
2491
2491
2492
2492
2496
2492
2491
2492
2492
2488
2487
2492
2492
2492
2491
2495
2491
2488
2488
2491
2491
2488
2488
2491
2491
2495
2488
2492
2491
2488
2487
2491
2492
2488
2487
2492
2492
2487
2487
2488
2491
2491
2492
2495
2488
2491
2491
2488
2492
2496
2495
2495
2492
2491
2488
2487
2491
2487
2488
2491
2487
2487
2487
2491
2491
2488
2492
2491
2488
2491
2488
2491
2492
2496
2492
2491
2492
2491
2488
2491
2492
2495
2495
2496
2491
2488
2487
2492
2495
2492
2492
2487
2491
2492
2492
2491
2483
2483
2487
2488
2491
2487
2491
2495
2492
2491
2484
2488
2492
2495
2491
2488
2491
2491
2491
2487
2491
2488
2491
2492
2492
2492
2491
2484
2492
2495
2495
2491
2491
2492
2488
2492
2488
2487
2488
2492
2492
2488
2488
2488
2491
2488
2491
2488
2488
2491
2491
2488
2487
2491
2492
2491
2488
2487
2491
2491
2487
2487
2487
2488
2495
2491
2491
2492
2487
2487
2487
2492
2492
2491
2488
2487
2492
2491
2495
2496
2492
2491
2488
2500
2492
2491
2484
2488
2495
2495
2495
2495
2491
2488
2491
2496
2499
2495
2491
2495
2496
2495
2487
2484
2488
2491
2484
2491
2488
2488
2488
2488
2488
2492
2491
2491
2492
2491
2488
2496
2496
2495
2488
2484
2488
2491
2488
2491
2488
2491
2487
2484
2484
2495
2492
2487
2487
2492
2492
2491
2488
2492
2495
2491
2488
2491
2495
2491
2491
2491
2488
2492
2487
2488
2491
2491
2488
2487
2492
2491
2492
2488
2492
2495
2495
2491
2488
2487
2487
2488
2491
2488
2487
2488
2488
2488
2491
2491
2488
2487
2488
2491
2495
2491
2491
2488
2491
2488
2492
2487
2487
2488
2495
2492
2488
2488
2492
2492
2496
2492
2491
2495
2495
2492
2487
2484
2488
2495
2492
2492
2484
2484
2480
2488
2492
2492
2488
2484
2488
2492
2495
2492
2488
2491
2491
2491
2492
2491
2492
2492
2495
2488
2491
2488
2488
2488
2492
2491
2488
2491
2492
2487
2483
2484
2492
2491
2491
2492
2495
2491
2488
2487
2484
2488
2492
2488
2487
2483
2491
2492
2487
2487
2488
2491
2484
2483
2484
2488
2484
2484
2487
2488
2491
2491
2483
2487
2492
2495
2488
2488
2492
2491
2487
2487
2488
2492
2488
2491
2488
2492
2491
2492
2492
2495
2495
2488
2484
2484
2491
2492
2495
2496
2495
2492
2488
2492
2491
2484
2483
2488
2495
2492
2491
2495
2495
2495
2495
2492
2499
2495
2491
2492
2491
2491
2492
2495
2491
2487
2491
2492
2492
2495
2488
2488
2488
2488
2484
2488
2491
2491
2487
2488
2491
2495
2487
2492
2496
2491
2488
2488
2487
2487
2488
2488
2492
2495
2491
2488
2488
2495
2491
2491
2487
2487
2495
2488
2491
2492
2495
2492
2488
2492
2488
2491
2488
2492
2491
2487
2487
2491
2492
2491
2491
2488
2488
2491
2492
2492
2492
2491
2491
2487
2491
2488
2487
2488
2492
2492
2491
2492
2488
2488
2491
2491
2491
2491
2488
2492
2491
2491
2491
2487
2488
2491
2488
2491
2492
2495
2488
2491
2495
2495
2488
2487
2484
2487
2488
2488
2491
2492
2492
2487
2484
2487
2488
2488
2488
2487
2491
2492
2492
2491
2495
2492
2491
2491
2491
2492
2492
2484
2491
2492
2492
2491
2484
2488
2492
2491
2488
2491
2488
2484
2487
2488
2491
2487
2487
2488
2492
2496
2492
2484
2487
2488
2488
2491
2492
2488
2491
2488
2488
2495
2496
2499
2491
2488
2491
2488
2487
2484
2491
2488
2491
2496
2495
2492
2491
2488
2487
2484
2491
2491
2488
2488
2487
2491
2488
2487
2488
2488
2488
2488
2491
2491
2488
2488
2488
2491
2488
2487
2491
2488
2488
2488
2488
2492
2488
2491
2488
2488
2491
2487
2488
2491
2487
2487
2488
2492
2491
2491
2488
2488
2491
2492
2487
2487
2488
2491
2495
2491
2487
2487
2487
2484
2488
2488
2488
2487
2484
2487
2488
2484
2491
2496
2491
2491
2491
2492
2488
2488
2491
2491
2491
2487
2488
2491
2488
2488
2491
2495
2492
2491
2491
2484
2488
2484
2488
2487
2484
2488
2488
2491
2488
2492
2491
2491
2491
2488
2484
2487
2491
2491
2487
2488
2488
2487
2488
2496
2496
2488
2487
2491
2487
2487
2495
2492
2491
2492
2491
2488
2488
2487
2488
2488
2492
2496
2496
2491
2491
2491
2488
2491
2491
2495
2495
2488
2488
2491
2492
2488
2492
2496
2496
2496
2491
2488
2488
2491
2491
2492
2492
2484
2483
2488
2488
2488
2488
2488
2487
2488
2491
2492
2495
2495
2492
2492
2495
2488
2484
2484
2488
2492
2488
2487
2484
2492
2488
2484
2487
2487
2491
2488
2487
2491
2492
2492
2487
2480
2483
2491
2491
2491
2488
2488
2491
2491
2492
2487
2488
2487
2487
2488
2491
2488
2487
2487
2487
2487
2487
2488
2488
2488
2491
2492
2492
2488
2484
2487
2488
2491
2488
2488
2492
2488
2484
2491
2488
2488
2488
2487
2488
2492
2495
2491
2488
2492
2491
2488
2495
2492
2491
2491
2491
2492
2496
2492
2492
2492
2492
2495
2495
2495
2491
2488
2488
2487
2491
2491
2491
2484
2484
2492
2492
2488
2488
2488
2488
2488
2488
2491
2491
2492
2491
2488
2491
2492
2491
2488
2492
2495
2495
2492
2492
2492
2487
2491
2491
2487
2484
2487
2487
2488
2491
2492
2491
2488
2491
2495
2488
2484
2487
2487
2487
2491
2491
2487
2484
2492
2492
2491
2488
2491
2488
2487
2491
2492
2492
2492
2492
2491
2488
2491
2491
2491
2487
2488
2495
2496
2488
2491
2491
2491
2491
2491
2488
2491
2492
2492
2496
2495
2492
2487
2488
2491
2488
2487
2491
2491
2491
2492
2491
2492
2492
2491
2491
2487
2488
2491
2495
2491
2484
2488
2495
2492
2491
2492
2491
2495
2488
2488
2488
2484
2487
2488
2488
2491
2491
2491
2487
2488
2491
2492
2492
2492
2495
2488
2483
2487
2491
2487
2484
2483
2487
2491
2484
2487
2487
2492
2491
2491
2492
2491
2491
2488
2491
2495
2492
2488
2491
2491
2491
2491
2492
2491
2488
2488
2492
2488
2492
2491
2491
2488
2491
2491
2492
2492
2491
2487
2488
2491
2495
2491
2488
2488
2491
2487
2487
2488
2491
2491
2488
2488
2491
2488
2488
2491
2487
2487
2488
2492
2491
2484
2484
2487
2491
2488
2487
2488
2491
2495
2491
2491
2488
2492
2496
2496
2491
2491
2492
2496
2492
2492
2487
2488
2488
2491
2492
2496
2492
2484
2487
2492
2492
2491
2484
2484
2484
2488
2491
2491
2487
2488
2491
2488
2487
2491
2495
2495
2491
2487
2484
2488
2491
2491
2487
2491
2491
2488
2492
2495
2488
2487
2488
2488
2487
2487
2491
2491
2491
2488
2491
2491
2492
2488
2488
2491
2491
2492
2488
2487
2491
2491
2491
2488
2491
2491
2491
2491
2488
2495
2492
2488
2488
2488
2491
2495
2491
2488
2492
2492
2488
2487
2488
2491
2495
2491
2487
2484
2487
2491
2488
2491
2491
2495
2492
2484
2487
2495
2488
2491
2488
2487
2488
2492
2491
2487
2488
2492
2492
2488
2495
2495
2495
2496
2492
2492
2491
2488
2491
2491
2491
2492
2492
2491
2491
2488
2491
2492
2495
2488
2492
2492
2495
2492
2495
2492
2492
2491
2495
2491
2491
2491
2495
2491
2488
2487
2492
2488
2491
2491
2487
2484
2488
2491
2487
2491
2492
2488
2495
2495
2488
2480
2488
2491
2492
2488
2487
2488
2491
2488
2487
2484
2491
2492
2487
2487
2495
2487
2484
2491
2492
2491
2487
2487
2484
2488
2492
2495
2495
2488
2487
2491
2491
2488
2488
2488
2491
2488
2488
2484
2492
2495
2491
2491
2487
2491
2488
2488
2484
2491
2496
2495
2487
2488
2487
2491
2488
2495
2495
2495
2492
2495
2495
2495
2491
2488
2488
2488
2488
2487
2491
2488
2487
2484
2484
2488
2492
2487
2483
2487
2492
2488
2483
2484
2491
2495
2491
2488
2487
2491
2487
2487
2492
2491
2492
2492
2491
2492
2492
2492
2488
2488
2488
2488
2488
2492
2491
2491
2491
2491
2492
2488
2487
2492
2495
2491
2488
2491
2495
2491
2487
2484
2484
2487
2488
2487
2480
2479
2484
2491
2488
2487
2491
2488
2488
2488
2492
2491
2488
2488
2488
2487
2492
2492
2495
2492
2491
2491
2496
2495
2496
2495
2491
2488
2492
2492
2492
2483
2488
2492
2492
2491
2488
2491
2492
2491
2492
2492
2491
2492
2492
2491
2495
2499
2488
2488
2491
2488
2487
2492
2488
2487
2487
2495
2495
2495
2492
2496
2488
2487
2487
2487
2488
2491
2491
2492
2491
2491
2491
2492
2488
2495
2491
2487
2488
2488
2491
2491
2495
2492
2488
2491
2492
2488
2488
2492
2495
2488
2483
2488
2491
2488
2491
2491
2488
2491
2491
2492
2492
2495
2488
2491
2488
2488
2491
2495
2488
2487
2488
2495
2492
2488
2487
2491
2491
2488
2487
2492
2491
2491
2487
2484
2480
2484
2488
2488
2491
2487
2484
2488
2491
2491
2484
2488
2492
2495
2488
2487
2487
2491
2488
2488
2491
2495
2488
2491
2491
2491
2488
2488
2488
2491
2491
2488
2488
2487
2488
2491
2492
2488
2491
2491
2491
2488
2491
2491
2488
2491
2491
2492
2492
2491
2487
2487
2495
2496
2492
2491
2492
2491
2487
2492
2495
2492
2491
2487
2487
2496
2496
2495
2491
2492
2495
2491
2483
2484
2487
2488
2487
2488
2487
2488
2487
2487
2491
2495
2495
2491
2487
2492
2488
2491
2487
2487
2491
2495
2491
2488
2487
2492
2491
2491
2487
2488
2491
2488
2488
2488
2491
2491
2491
2488
2491
2492
2492
2488
2488
2488
2491
2491
2491
2492
2495
2495
2488
2491
2492
2488
2488
2487
2488
2488
2492
2491
2488
2487
2491
2492
2491
2488
2491
2495
2492
2487
2487
2491
2495
2491
2488
2487
2492
2491
2491
2488
2488
2492
2496
2492
2492
2491
2488
2488
2488
2488
2488
2488
2487
2488
2491
2491
2492
2487
2488
2488
2488
2487
2488
2491
2492
2488
2488
2487
2484
2484
2484
2488
2488
2492
2491
2487
2488
2491
2491
2491
2495
2492
2495
2495
2491
2491
2492
2487
2491
2491
2492
2492
2495
2492
2492
2491
2491
2491
2491
2491
2492
2491
2491
2491
2488
2492
2487
2492
2495
2492
2491
2495
2495
2495
2488
2488
2488
2492
2491
2487
2487
2491
2491
2491
2488
2487
2487
2487
2488
2488
2491
2492
2484
2492
2487
2492
2488
2491
2491
2488
2491
2487
2488
2492
2491
2487
2483
2487
2491
2495
2491
2488
2492
2495
2491
2488
2488
2491
2492
2491
2492
2492
2492
2488
2491
2491
2496
2491
2487
2491
2495
2491
2491
2488
2487
2488
2491
2491
2488
2491
2491
2495
2492
2492
2491
2487
2484
2488
2492
2495
2492
2487
2491
2488
2491
2495
2492
2492
2492
2492
2492
2487
2487
2491
2492
2495
2491
2492
2491
2491
2495
2488
2488
2491
2495
2495
2496
2491
2491
2488
2496
2492
2487
2488
2488
2488
2484
2487
2488
2487
2488
2492
2491
2491
2487
2487
2488
2491
2495
2492
2488
2491
2491
2487
2487
2488
2492
2492
2491
2487
2487
2488
2488
2487
2487
2488
2488
2492
2495
2500
2492
2491
2487
2491
2496
2499
2491
2488
2487
2488
2491
2488
2488
2488
2487
2487
2487
2491
2491
2491
2491
2491
2487
2487
2488
2491
2491
2484
2484
2488
2491
2492
2491
2492
2491
2491
2491
2492
2487
2487
2491
2491
2484
2488
2491
2491
2487
2487
2487
2491
2491
2491
2491
2488
2491
2488
2495
2491
2491
2491
2491
2496
2495
2492
2495
2492
2488
2487
2488
2495
2495
2492
2488
2488
2495
2496
2496
2491
2491
2492
2491
2492
2492
2492
2491
2492
2496
2491
2487
2487
2491
2487
2488
2487
2487
2491
2491
2491
2491
2492
2492
2495
2495
2488
2480
2487
2492
2492
2491
2488
2487
2492
2492
2491
2492
2491
2495
2491
2487
2488
2492
2491
2491
2491
2491
2492
2488
2491
2488
2492
2492
2488
2491
2492
2491
2491
2488
2491
2487
2488
2487
2491
2487
2491
2492
2488
2487
2488
2492
2491
2487
2484
2488
2491
2492
2487
2488
2491
2488
2491
2491
2491
2492
2495
2492
2491
2488
2488
2488
2492
2492
2492
2492
2492
2488
2495
2492
2488
2487
2487
2491
2495
2491
2487
2488
2495
2492
2487
2487
2488
2488
2488
2488
2488
2487
2488
2491
2492
2496
2491
2491
2491
2492
2488
2491
2492
2495
2491
2491
2491
2495
2492
2492
2491
2492
2491
2488
2492
2492
2492
2492
2492
2492
2495
2495
2488
2488
2487
2487
2488
2491
2491
2488
2487
2492
2495
2492
2488
2491
2492
2487
2488
2492
2492
2488
2491
2487
2487
2491
2492
2492
2491
2488
2491
2491
2492
2491
2491
2487
2487
2488
2492
2495
2491
2488
2491
2492
2491
2491
2488
2488
2488
2496
2499
2496
2487
2480
2488
2491
2495
2488
2488
2492
2491
2491
2495
2491
2491
2492
2495
2495
2492
2487
2491
2495
2492
2492
2491
2488
2492
2495
2495
2492
2488
2495
2491
2492
2492
2491
2492
2492
2488
2491
2492
2488
2484
2488
2488
2492
2491
2487
2492
2488
2487
2487
2488
2492
2488
2488
2491
2491
2491
2496
2492
2488
2488
2491
2492
2492
2488
2491
2492
2495
2495
2495
2488
2487
2487
2491
2495
2492
2491
2484
2487
2484
2488
2488
2488
2491
2492
2492
2488
2484
2488
2496
2495
2487
2487
2491
2491
2488
2488
2495
2492
2488
2488
2492
2491
2487
2491
2499
2495
2488
2488
2491
2492
2491
2491
2492
2495
2499
2492
2488
2495
2495
2488
2484
2488
2491
2492
2488
2488
2488
2492
2495
2491
2491
2495
2495
2491
2491
2492
2492
2495
2495
2492
2488
2491
2496
2492
2491
2492
2491
2488
2492
2492
2484
2487
2492
2492
2487
2491
2495
2495
2491
2483
2487
2491
2488
2488
2487
2487
2492
2491
2492
2495
2492
2484
2483
2488
2491
2487
2491
2492
2491
2488
2487
2492
2492
2488
2491
2491
2491
2488
2491
2492
2491
2491
2487
2483
2484
2488
2487
2487
2492
2491
2487
2483
2488
2492
2492
2492
2492
2488
2488
2484
2488
2492
2491
2488
2487
2491
2487
2488
2491
2491
2491
2491
2488
2488
2492
2496
2491
2491
2488
2491
2488
2492
2491
2491
2492
2492
2488
2487
2487
2492
2492
2492
2492
2492
2488
2487
2492
2491
2491
2491
2492
2491
2491
2491
2487
2487
2488
2491
2491
2488
2488
2491
2488
2483
2487
2491
2492
2487
2487
2491
2491
2491
2495
2496
2491
2492
2492
2495
2492
2491
2491
2492
2492
2491
2491
2491
2491
2491
2491
2488
2487
2491
2488
2488
2491
2491
2492
2491
2495
2491
2491
2492
2491
2488
2488
2487
2491
2488
2491
2495
2488
2483
2487
2491
2491
2488
2487
2488
2495
2488
2488
2484
2488
2491
2495
2492
2492
2495
2491
2488
2487
2487
2487
2491
2492
2495
2492
2491
2499
2499
2492
2491
2492
2492
2491
2488
2492
2492
2488
2492
2492
2496
2491
2492
2496
2495
2492
2495
2488
2491
2488
2488
2488
2495
2496
2492
2488
2492
2491
2491
2487
2491
2491
2491
2491
2491
2488
2491
2488
2491
2492
2491
2491
2491
2488
2484
2487
2488
2492
2495
2492
2488
2491
2488
2491
2488
2487
2484
2491
2488
2487
2491
2492
2492
2491
2488
2491
2480
2483
2491
2492
2488
2491
2491
2491
2488
2488
2488
2487
2488
2488
2491
2491
2492
2491
2488
2488
2492
2491
2488
2488
2491
2492
2492
2491
2491
2491
2491
2487
2487
2487
2488
2491
2487
2488
2495
2492
2491
2484
2487
2488
2491
2491
2487
2488
2491
2492
2492
2491
2492
2491
2487
2487
2491
2496
2495
2492
2491
2495
2495
2492
2487
2488
2495
2496
2492
2492
2491
2491
2492
2495
2492
2488
2488
2495
2496
2495
2492
2492
2491
2488
2491
2492
2496
2495
2492
2491
2487
2488
2488
2487
2488
2491
2492
2491
2491
2492
2488
2488
2487
2487
2487
2488
2491
2492
2495
2488
2488
2491
2488
2487
2495
2496
2491
2487
2484
2488
2491
2491
2492
2491
2491
2488
2488
2487
2487
2484
2491
2496
2492
2487
2491
2491
2487
2484
2483
2488
2491
2488
2488
2487
2487
2491
2499
2492
2491
2488
2491
2491
2491
2492
2492
2488
2491
2487
2491
2491
2488
2488
2491
2487
2487
2487
2487
