2492
2495
2491
2491
2488
2484
2487
2491
2492
2492
2491
2487
2488
2491
2495
2492
2487
2487
2492
2492
2495
2492
2491
2492
2488
2487
2488
2491
2492
2487
2488
2492
2491
2491
2491
2491
2488
2491
2488
2492
2488
2487
2484
2492
2496
2495
2484
2484
2488
2492
2492
2488
2487
2491
2491
2487
2488
2488
2492
2492
2488
2488
2491
2492
2492
2488
2491
2496
2499
2496
2491
2491
2488
2492
2491
2492
2495
2488
2495
2491
2492
2492
2491
2491
2484
2488
2491
2495
2496
2492
2488
2491
2491
2491
2492
2496
2495
2495
2495
2495
2491
2492
2488
2488
2492
2488
2488
2487
2488
2495
2491
2488
2487
2488
2488
2492
2487
2487
2487
2487
2487
2488
2487
2491
2492
2495
2492
2488
2487
2491
2492
2491
2491
2492
2491
2492
2491
2492
2495
2492
2491
2491
2491
2491
2491
2492
2488
2491
2492
2491
2488
2491
2495
2495
2491
2487
2491
2488
2484
2488
2491
2491
2488
2488
2492
2492
2491
2492
2488
2488
2487
2491
2491
2491
2488
2491
2488
2491
2491
2487
2488
2496
2491
2492
2487
2488
2492
2495
2492
2491
2488
2491
2492
2495
2495
2492
2488
2487
2492
2492
2487
2488
2491
2492
2487
2484
2488
2491
2491
2488
2488
2488
2491
2488
2488
2495
2496
2492
2491
2488
2488
2492
2491
2487
2487
2492
2492
2495
2491
2487
2492
2495
2495
2491
2487
2488
2491
2487
2488
2488
2488
2487
2484
2491
2488
2488
2488
2488
2492
2487
2484
2488
2492
2495
2488
2488
2492
2495
2491
2488
2488
2488
2491
2492
2491
2484
2491
2492
2495
2492
2491
2492
2495
2492
2491
2488
2491
2488
2491
2488
2487
2491
2492
2487
2487
2495
2492
2491
2491
2484
2487
2495
2492
2484
2483
2491
2491
2488
2487
2496
2495
2492
2496
2496
2492
2488
2492
2492
2492
2492
2492
2488
2487
2488
2491
2484
2487
2487
2499
2495
2495
2491
2495
2496
2495
2492
2488
2492
2492
2488
2492
2488
2491
2491
2492
2495
2496
2495
2491
2491
2492
2495
2492
2488
2491
2492
2496
2491
2487
2488
2488
2495
2495
2492
2491
2480
2487
2488
2488
2487
2491
2492
2488
2488
2496
2495
2492
2492
2495
2496
2499
2491
2492
2492
2492
2488
2487
2491
2495
2495
2496
2488
2487
2484
2495
2495
2492
2492
2488
2487
2492
2491
2491
2487
2488
2495
2492
2488
2491
2491
2491
2491
2496
2491
2491
2488
2492
2495
2492
2492
2491
2491
2495
2492
2491
2491
2488
2491
2491
2491
2483
2487
2487
2484
2487
2487
2487
2484
2487
2488
2491
2487
2487
2488
2487
2491
2492
2495
2491
2488
2488
2487
2492
2488
2488
2487
2487
2488
2491
2488
2487
2492
2496
2496
2495
2492
2492
2491
2492
2495
2491
2487
2484
2488
2488
2495
2492
2491
2491
2492
2492
2488
2492
2496
2495
2491
2492
2495
2496
2491
2487
2491
2492
2488
2491
2496
2495
2491
2487
2491
2488
2491
2492
2500
2535
2592
2563
2391
2199
2152
2236
2276
2355
2527
2668
2656
2459
2207
2175
2436
2696
2800
2831
2759
2575
2536
2663
2723
2624
2520
2576
2591
2520
2400
2368
2432
2539
2551
2528
2512
2516
2435
2264
2263
2387
2551
2696
2688
2552
2367
2367
2464
2471
2464
2500
2580
2624
2591
2556
2508
2412
2267
2231
2323
2503
2695
2811
2732
2508
2267
2164
2263
2336
2340
2540
2839
2895
2716
2532
2395
2316
2340
2396
2511
2480
2447
2479
2504
2544
2463
2399
2427
2540
2567
2443
2391
2403
2403
2472
2636
2727
2711
2628
2444
2276
2279
2471
2691
2756
2660
2532
2500
2580
2556
2284
2043
2012
2079
2335
2676
2883
2828
2639
2451
2296
2252
2339
2504
2608
2655
2696
2620
2504
2451
2308
2191
2279
2527
2688
2744
2739
2576
2399
2420
2504
2552
2499
2400
2332
2320
2384
2535
2679
2720
2648
2544
2480
2440
2351
2219
2239
2423
2532
2568
2579
2500
2468
2507
2479
2391
2416
2491
2580
2715
2768
2692
2552
2420
2367
2395
2456
2516
2539
2551
2555
2532
2467
2439
2531
2547
2436
2383
2384
2387
2352
2280
2324
2459
2595
2672
2684
2660
2583
2504
2475
2512
2608
2612
2576
2479
2327
2268
2351
2471
2483
2480
2527
2536
2559
2564
2524
2447
2368
2347
2435
2592
2675
2611
2555
2535
2460
2380
2376
2404
2404
2436
2564
2627
2592
2488
2299
2200
2331
2555
2648
2627
2568
2484
2456
2460
2496
2500
2511
2591
2627
2631
2587
2528
2432
2388
2464
2507
2515
2459
2348
2276
2323
2392
2500
2588
2607
2519
2451
2459
2503
2492
2399
2296
2375
2515
2620
2640
2628
2655
2675
2604
2551
2468
2455
2435
2491
2532
2527
2499
2375
2280
2360
2479
2568
2603
2575
2491
2412
2359
2383
2515
2564
2511
2487
2471
2467
2504
2495
2427
2400
2472
2512
2487
2479
2472
2443
2432
2435
2456
2511
2583
2592
2544
2572
2616
2600
2575
2528
2483
2460
2528
2560
2547
2460
2387
2327
2376
2475
2512
2491
2507
2527
2471
2444
2468
2496
2528
2532
2504
2451
2444
2459
2428
2432
2524
2619
2655
2615
2528
2480
2456
2436
2407
2384
2396
2472
2515
2535
2548
2503
2460
2475
2483
2483
2468
2440
2439
2444
2452
2464
2503
2512
2523
2539
2536
2543
2591
2608
2559
2476
2443
2487
2564
2600
2532
2436
2391
2355
2384
2488
2567
2524
2436
2408
2460
2524
2512
2448
2424
2419
2440
2460
2496
2523
2471
2395
2415
2491
2528
2496
2483
2500
2540
2559
2539
2531
2508
2439
2415
2467
2539
2579
2551
2531
2512
2512
2543
2576
2567
2524
2483
2480
2471
2460
2444
2428
2443
2491
2528
2507
2456
2400
2380
2431
2528
2555
2548
2552
2524
2480
2471
2504
2519
2516
2499
2476
2520
2568
2579
2552
2535
2543
2532
2479
2408
2368
2388
2415
2456
2471
2463
2464
2468
2488
2495
2496
2491
2491
2504
2527
2563
2588
2539
2443
2400
2371
2407
2503
2567
2575
2547
2491
2475
2507
2528
2527
2480
2423
2415
2448
2467
2491
2532
2551
2531
2496
2483
2468
2468
2468
2479
2507
2539
2527
2472
2416
2396
2419
2459
2503
2516
2487
2452
2460
2508
2519
2527
2524
2523
2527
2519
2508
2516
2535
2555
2543
2516
2483
2472
2471
2456
2451
2468
2524
2536
2499
2443
2395
2367
2379
2403
2436
2472
2516
2552
2568
2564
2539
2479
2431
2435
2467
2476
2500
2543
2567
2556
2543
2540
2531
2516
2479
2424
2415
2452
2483
2484
2479
2500
2540
2563
2567
2539
2487
2440
2431
2463
2503
2527
2531
2511
2464
2443
2440
2455
2464
2464
2444
2456
2499
2555
2576
2532
2483
2479
2507
2531
2548
2559
2539
2515
2483
2428
2391
2387
2408
2460
2507
2524
2523
2507
2472
2467
2464
2447
2447
2468
2480
2487
2495
2496
2504
2544
2559
2523
2508
2528
2528
2512
2483
2487
2528
2547
2519
2483
2456
2452
2456
2463
2487
2519
2520
2507
2499
2499
2516
2496
2439
2408
2439
2484
2512
2511
2504
2496
2492
2491
2487
2492
2491
2467
2459
2483
2491
2460
2427
2432
2459
2460
2456
2468
2512
2515
2508
2524
2559
2575
2548
2492
2451
2456
2504
2556
2560
2551
2528
2476
2443
2448
2452
2460
2479
2475
2468
2472
2475
2463
2459
2456
2472
2488
2504
2528
2539
2503
2476
2491
2523
2540
2512
2475
2476
2492
2483
2460
2463
2464
2476
2471
2463
2467
2484
2487
2480
2484
2499
2499
2495
2484
2480
2491
2500
2511
2528
2531
2528
2527
2516
2499
2484
2484
2472
2476
2492
2491
2488
2479
2476
2488
2488
2479
2480
2488
2483
2479
2475
2488
2511
2519
2495
2480
2488
2507
2495
2472
2479
2508
2543
2544
2504
2475
2432
2412
2420
2456
2487
2503
2515
2519
2515
2515
2508
2507
2516
2519
2515
2519
2524
2528
2519
2496
2471
2463
2459
2459
2448
2443
2464
2496
2507
2496
2467
2436
2432
2440
2435
2443
2476
2495
2480
2491
2512
2519
2519
2520
2516
2523
2528
2527
2524
2523
2516
2499
2480
2476
2460
2452
2459
2488
2508
2515
2508
2499
2491
2487
2495
2499
2504
2508
2480
2456
2452
2460
2480
2488
2495
2496
2503
2499
2476
2455
2459
2476
2499
2504
2488
2472
2455
2451
2480
2516
2531
2544
2556
2547
2524
2515
2499
2488
2487
2480
2472
2472
2484
2488
2487
2479
2467
2468
2480
2495
2504
2503
2503
2495
2492
2504
2508
2507
2487
2480
2492
2500
2500
2491
2496
2508
2503
2491
2483
2484
2476
2476
2479
2492
2516
2515
2491
2475
2467
2468
2480
2496
2496
2500
2503
2492
2487
2479
2483
2499
2519
2520
2520
2519
2499
2488
2488
2495
2504
2500
2468
2439
2447
2476
2500
2511
2511
2496
2483
2487
2496
2492
2499
2507
2500
2484
2468
2468
2488
2500
2499
2483
2480
2471
2455
2451
2455
2459
2471
2487
2503
2495
2491
2500
2516
2524
2527
2512
2500
2496
2495
2492
2496
2515
2520
2511
2500
2480
2468
2468
2480
2488
2487
2484
2488
2499
2495
2491
2492
2491
2487
2476
2460
2460
2484
2523
2536
2532
2528
2496
2464
2443
2448
2476
2515
2535
2531
2516
2495
2464
2440
2440
2459
2468
2475
2491
2496
2487
2483
2491
2499
2504
2504
2500
2492
2507
2524
2524
2511
2495
2488
2499
2500
2496
2487
2464
2459
2467
2476
2488
2511
2515
2512
2507
2484
2467
2484
2512
2528
2527
2532
2524
2507
2479
2460
2456
2464
2475
2476
2475
2480
2479
2468
2471
2476
2475
2476
2479
2479
2484
2499
2520
2528
2516
2504
2480
2472
2479
2492
2512
2524
2516
2515
2503
2495
2480
2472
2480
2487
2479
2480
2484
2484
2479
2475
2492
2503
2499
2480
2467
2480
2503
2520
2524
2516
2511
2500
2492
2479
2475
2475
2491
2504
2503
2488
2471
2459
2456
2475
2483
2487
2499
2508
2511
2508
2508
2515
2508
2499
2488
2484
2488
2499
2500
2495
2471
2455
2455
2468
2480
2487
2483
2475
2471
2476
2483
2487
2491
2503
2511
2511
2500
2491
2484
2488
2512
2524
2524
2515
2503
2491
2480
2476
2475
2476
2488
2495
2492
2492
2499
2499
2491
2483
2472
2472
2480
2487
2492
2504
2508
2511
2512
2503
2492
2491
2483
2483
2491
2484
2476
2480
2491
2504
2500
2492
2487
2487
2487
2484
2487
2491
2491
2495
2488
2484
2471
2467
2467
2480
2487
2488
2483
2480
2491
2503
2499
2496
2496
2492
2487
2476
2463
2455
2464
2479
2496
2500
2499
2499
2500
2511
2516
2519
2511
2496
2488
2488
2499
2507
2511
2500
2483
2472
2471
2475
2480
2492
2499
2503
2496
2480
2455
2436
2451
2476
2496
2520
2520
2504
2491
2487
2483
2488
2495
2491
2487
2484
2487
2496
2503
2503
2492
2484
2484
2479
2476
2479
2483
2488
2495
2496
2495
2496
2507
2496
2484
2475
2479
2488
2496
2499
2500
2515
2520
2520
2504
2487
2475
2480
2491
2496
2499
2496
2492
2491
2484
2491
2487
2484
2484
2492
2496
2488
2479
2472
2480
2495
2495
2491
2487
2491
2500
2508
2504
2504
2491
2480
2464
2463
2467
2480
2491
2503
2511
2504
2496
2491
2491
2487
2480
2483
2499
2512
2512
2511
2499
2487
2487
2488
2484
2479
2480
2495
2508
2507
2496
2488
2479
2468
2463
2467
2475
2483
2483
2488
2496
2504
2504
2499
2492
2491
2488
2491
2495
2507
2519
2519
2511
2504
2500
2492
2483
2471
2468
2471
2475
2479
2487
2488
2491
2484
2484
2488
2491
2495
2492
2488
2483
2476
2475
2484
2499
2496
2484
2476
2479
2495
2500
2500
2492
2488
2491
2491
2484
2487
2495
2504
2499
2496
2492
2487
2491
2496
2504
2507
2495
2484
2484
2491
2496
2495
2488
2483
2480
2487
2487
2487
2483
2483
2479
2487
2495
2500
2499
2495
2496
2504
2512
2500
2487
2491
2496
2499
2503
2503
2500
2491
2479
2472
2479
2491
2491
2487
2483
2480
2484
2491
2495
2488
2483
2475
2475
2484
2495
2488
2487
2495
2500
2512
2512
2504
2503
2496
2492
2483
2471
2468
2479
2487
2488
2491
2487
2491
2492
2488
2492
2500
2500
2495
2499
2491
2484
2484
2487
2492
2495
2500
2503
2503
2499
2487
2472
2475
2483
2492
2492
2487
2475
2471
2480
2495
2512
2508
2499
2491
2483
2472
2472
2480
2491
2496
2496
2496
2484
2484
2488
2491
2488
2479
2480
2495
2499
2495
2492
2487
2488
2492
2487
2487
2484
2487
2491
2495
2492
2491
2487
2492
2488
2492
2495
2492
2487
2487
2484
2488
2492
2488
2484
2479
2479
2479
2483
2492
2491
2499
2496
2488
2479
2476
2480
2487
2495
2500
2507
2508
2511
2503
2491
2480
2480
2484
2483
2480
2488
2488
2499
2503
2500
2495
2488
2491
2487
2487
2484
2488
2500
2503
2500
2503
2504
2504
2499
2491
2483
2480
2484
2487
2488
2495
2495
2492
2491
2487
2479
2475
2476
2483
2484
2488
2488
2496
2500
2504
2499
2495
2492
2496
2503
2499
2495
2492
2488
2491
2492
2491
2488
2495
2495
2495
2492
2492
2500
2499
2484
2472
2467
2476
2487
2496
2499
2492
2480
2472
2483
2492
2495
2504
2495
2483
2479
2487
2480
2479
2483
2495
2499
2503
2496
2496
2487
2484
2480
2483
2483
2488
2491
2496
2500
2503
2492
2487
2487
2495
2495
2495
2492
2495
2495
2488
2487
2488
2491
2491
2483
2476
2484
2492
2496
2496
2495
2488
2496
2499
2500
2495
2492
2491
2488
2492
2500
2508
2507
2503
2496
2479
2479
2480
2479
2480
2476
2479
2488
2491
2483
2475
2483
2487
2487
2483
2484
2492
2496
2500
2500
2499
2499
2492
2492
2492
2491
2487
2488
2500
2504
2499
2499
2495
2488
2483
2476
2472
2483
2495
2496
2492
2491
2496
2496
2495
2492
2492
2500
2504
2496
2487
2483
2484
2480
2480
2480
2488
2492
2488
2496
2496
2488
2487
2484
2484
2487
2488
2488
2492
2495
2504
2511
2504
2499
2488
2480
2476
2480
2480
2488
2491
2496
2496
2492
2491
2491
2480
2476
2472
2479
2484
2483
2488
2492
2499
2503
2503
2500
2496
2495
2492
2492
2496
2499
2503
2500
2495
2492
2491
2487
2476
2475
2483
2491
2491
2500
2495
2491
2483
2483
2476
2475
2472
2483
2491
2495
2500
2504
2499
2491
2487
2496
2503
2500
2492
2488
2491
2487
2491
2491
2484
2483
2487
2492
2496
2499
2495
2496
2495
2488
2488
2484
2487
2487
2488
2495
2503
2507
2499
2488
2488
2484
2479
2472
2472
2476
2480
2484
2487
2492
2496
2499
2500
2499
2496
2491
2495
2495
2491
2492
2495
2492
2495
2495
2499
2496
2491
2488
2491
2480
2480
2483
2487
2483
2479
2487
2487
2488
2487
2484
2488
2492
2503
2496
2496
2492
2495
2488
2492
2495
2495
2492
2491
2484
2487
2487
2495
2492
2491
2483
2483
2487
2487
2487
2487
2483
2480
2487
2488
2491
2492
2499
2504
2500
2496
2488
2487
2484
2487
2487
2487
2491
2495
2492
2492
2488
2491
2492
2491
2491
2495
2492
2491
2480
2480
2484
2484
2491
2488
2492
2499
2500
2492
2487
2484
2480
2483
2484
2491
2496
2496
2491
2484
2480
2476
2476
2487
2491
2496
2504
2503
2488
2492
2488
2487
2488
2488
2496
2499
2496
2491
2487
2488
2488
2488
2488
2488
2491
2488
2487
2484
2491
2492
2496
2491
2492
2492
2491
2487
2491
2492
2491
2495
2499
2496
2491
2488
2487
2487
2487
2484
2488
2491
2491
2491
2492
2495
2495
2492
2491
2495
2495
2500
2500
2503
2500
2496
2488
2480
2484
2480
2479
2488
2492
2499
2500
2495
2491
2492
2488
2480
2484
2488
2491
2491
2491
2496
2496
2495
2492
2484
2487
2488
2491
2488
2495
2500
2503
2503
2496
2484
2480
2483
2491
2484
2484
2484
2491
2496
2499
2492
2488
2487
2487
2483
2487
2491
2495
2500
2504
2499
2496
2492
2491
2484
2479
2480
2491
2496
2500
2500
2495
2483
2483
2488
2488
2488
2491
2492
2491
2484
2484
2491
2496
2496
2492
2491
2492
2492
2492
2496
2499
2492
2491
2488
2488
2484
2476
2475
2479
2484
2492
2499
2503
2500
2500
2488
2484
2480
2483
2488
2491
2484
2488
2492
2492
2492
2492
2491
2496
2495
2491
2488
2491
2491
2492
2487
2483
2479
2480
2484
2492
2492
2496
2499
2499
2492
2496
2495
2488
2484
2487
2488
2491
2492
2499
2495
2495
2488
2487
2487
2484
2479
2479
2479
2487
2488
2484
2484
2484
2488
2488
2488
2487
2487
2488
2488
2492
2499
2499
2496
2495
2491
2484
2487
2487
2495
2492
2484
2488
2495
2488
2484
2483
2483
2480
2483
2491
2495
2495
2492
2491
2492
2488
2487
2488
2495
2495
2491
2492
2492
2488
2488
2487
2484
2487
2484
2484
2488
2487
2484
2487
2484
2484
2484
2480
2487
2499
2500
2496
2499
2503
2504
2500
2496
2499
2500
2491
2484
2487
2488
2484
2487
2491
2491
2488
2484
2484
2483
2483
2487
2495
2495
2496
2496
2496
2492
2491
2491
2491
2496
2492
2484
2492
2488
2488
2495
2491
2487
2488
2487
2488
2492
2491
2492
2491
2488
2492
2491
2491
2488
2491
2491
2492
2496
2499
2495
2496
2491
2492
2495
2495
2492
2495
2492
2491
2483
2488
2491
2488
2487
2488
2495
2495
2488
2487
2487
2491
2487
2488
2491
2491
2492
2491
2491
2492
2496
2500
2503
2500
2495
2495
2487
2483
2476
2479
2484
2491
2492
2496
2492
2495
2491
2491
2492
2492
2492
2492
2499
2504
2496
2491
2487
2491
2488
2491
2496
2496
2487
2479
2479
2484
2488
2487
2483
2483
2483
2487
2491
2492
2487
2487
2491
2495
2491
2491
2488
2491
2491
2492
2491
2491
2488
2492
2495
2499
2492
2496
2492
2484
2484
2483
2484
2487
2484
2487
2492
2496
2500
2496
2491
2488
2491
2496
2499
2495
2491
2487
2488
2491
2491
2484
2483
2484
2487
2496
2499
2495
2495
2496
2488
2483
2483
2488
2491
2488
2487
2495
2500
2495
2488
2491
2499
2503
2496
2492
2492
2492
2491
2499
2496
2495
2492
2487
2484
2491
2495
2491
2488
2492
2499
2495
2491
2491
2488
2487
2487
2495
2495
2488
2487
2487
2491
2495
2491
2492
2488
2488
2487
2484
2484
2487
2495
2491
2487
2491
2488
2487
2480
2484
2491
2495
2495
2491
2492
2495
2491
2488
2492
2495
2496
2496
2495
2492
2496
2488
2487
2487
2491
2496
2495
2491
2484
2492
2500
2491
2492
2491
2492
2491
2491
2499
2492
2492
2492
2496
2496
2495
2488
2483
2484
2491
2484
2488
2491
2492
2491
2491
2495
2491
2488
2487
2492
2488
2491
2495
2495
2495
2492
2492
2491
2488
2495
2492
2492
2492
2491
2488
2487
2487
2487
2487
2488
2492
2492
2491
2495
2496
2492
2492
2492
2491
2488
2487
2487
2488
2491
2491
2491
2492
2495
2495
2492
2491
2491
2488
2487
2487
2491
2488
2491
2496
2496
2495
2492
2488
2488
2491
2495
2496
2495
2491
2491
2492
2495
2491
2487
2487
2487
2487
2492
2495
2491
2487
2488
2491
2495
2491
2484
2484
2484
2491
2492
2495
2491
2484
2492
2492
2492
2492
2492
2492
2487
2483
2487
2488
2487
2487
2487
2480
2483
2488
2496
2495
2496
2496
2495
2487
2491
2492
2495
2491
2491
2495
2495
2491
2491
2496
2491
2488
2491
2492
2491
2484
2484
2487
2483
2487
2492
2495
2492
2491
2491
2488
2491
2491
2491
2492
2491
2495
2491
2492
2495
2488
2488
2484
2484
2483
2483
2487
2488
2491
2487
2484
2491
2499
2499
2491
2491
2491
2495
2495
2492
2495
2491
2492
2495
2491
2495
2492
2492
2495
2496
2488
2487
2488
2488
2487
2487
2492
2496
2496
2503
2495
2488
2491
2491
2495
2492
2492
2488
2492
2500
2496
2492
2491
2487
2491
2492
2492
2487
2487
2488
2491
2488
2483
2480
2480
2483
2487
2495
2492
2487
2484
2484
2492
2488
2491
2488
2492
2499
2488
2484
2488
2496
2499
2492
2491
2495
2488
2488
2492
2487
2487
2488
2491
2491
2492
2492
2492
2491
2488
2492
2500
2496
2495
2491
2491
2491
2487
2484
2487
2491
2488
2488
2491
2491
2495
2492
2492
2484
2491
2495
2492
2495
2491
2488
2492
2496
2495
2491
2488
2488
2488
2488
2488
2491
2491
2492
2488
2492
2492
2484
2483
2487
2488
2487
2487
2488
2488
2487
2488
2491
2491
2488
2492
2492
2488
2488
2495
2492
2495
2491
2491
2488
2491
2488
2488
2488
2488
2487
2491
2495
2492
2492
2487
2488
2488
2488
2488
2488
2491
2492
2492
2487
2484
2492
2492
2496
2492
2488
2488
2487
2496
2495
2488
2487
2487
2492
2495
2495
2491
2488
2491
2491
2488
2488
2495
2496
2492
2495
2495
2496
2496
2491
2484
2488
2487
2484
2484
2487
2488
2496
2488
2492
2495
2492
2492
2492
2495
2491
2487
2487
2491
2491
2491
2491
2491
2496
2492
2491
2488
2491
2492
2487
2491
2487
2491
2492
2495
2492
2488
2484
2487
2487
2491
2491
2492
2495
2491
2492
2492
2491
2495
2499
2495
2492
2488
2492
2492
2492
2487
2488
2488
2491
2495
2492
2488
2483
2483
2483
2484
2487
2487
2491
2492
2488
2491
2495
2495
2492
2492
2492
2492
2495
2499
2495
2488
2484
2487
2488
2492
2491
2491
2491
2495
2492
2488
2488
2488
2487
2491
2491
2488
2488
2495
2495
2491
2483
2483
2488
2495
2492
2495
2495
2496
2491
2488
2484
2484
2492
2491
2487
2488
2492
2499
2492
2491
2487
2484
2484
2487
2488
2488
2487
2487
2491
2488
2488
2495
2496
2499
2492
2495
2492
2491
2487
2480
2483
2487
2492
2491
2488
2491
2492
2492
2492
2487
2484
2488
2491
2487
2487
2492
2492
2491
2491
2491
2492
2495
2491
2488
2487
2488
2492
2496
2495
2495
2488
2487
2488
2491
2491
2491
2492
2495
2495
2495
2495
2495
2495
2496
2491
2491
2492
2495
2492
2491
2492
2495
2492
2484
2484
2488
2491
2492
2491
2487
2488
2495
2492
2491
2491
2495
2488
2488
2495
2496
2492
2488
2491
2491
2488
2487
2491
2492
2495
2495
2492
2491
2488
2492
2491
2488
2487
2488
2491
2492
2488
2488
2491
2488
2484
2484
2488
2484
2484
2487
2484
2488
2488
2492
2492
2492
2488
2487
2487
2487
2483
2487
2492
2491
2488
2488
2488
2496
2496
2496
2492
2488
2488
2488
2488
2488
2487
2499
2495
2495
2495
2491
2488
2487
2484
2488
2487
2487
2488
2495
2492
2491
2488
2487
2491
2492
2492
2491
2492
2499
2496
2495
2491
2491
2488
2487
2488
2488
2491
2487
2484
2483
2484
2488
2491
2492
2496
2495
2492
2487
2491
2492
2491
2491
2491
2491
2492
2487
2488
2492
2492
2492
2492
2487
2484
2488
2488
2488
2495
2492
2495
2495
2499
2496
2496
2492
2491
2484
2483
2492
2495
2495
2488
2488
2495
2491
2491
2484
2487
2487
2491
2495
2491
2483
2487
2492
2491
2488
2488
2488
2488
2491
2491
2487
2491
2495
2495
2492
2491
2491
2491
2488
2488
2491
2491
2488
2491
2487
2488
2491
2492
2495
2491
2491
2492
2491
2487
2487
2491
2492
2491
2491
2495
2496
2492
2488
2491
2492
2488
2483
2488
2491
2484
2484
2491
2488
2487
2488
2492
2492
2495
2492
2491
2491
2492
2488
2487
2492
2495
2496
2492
2492
2495
2491
2487
2492
2487
2484
2487
2488
2492
2496
2495
2495
2491
2484
2483
2487
2487
2487
2480
2488
2491
2491
2491
2488
2487
2488
2491
2491
2487
2491
2491
2491
2488
2492
2492
2495
2495
2492
2491
2487
2488
2492
2495
2491
2487
2491
2492
2496
2492
2492
2488
2492
2495
2492
2491
2488
2488
2491
2487
2488
2488
2488
2487
2488
2491
2492
2491
2484
2484
2484
2488
2491
2488
2492
2491
2491
2492
2491
2495
2491
2488
2492
2492
2492
2491
2492
2491
2492
2492
2487
2488
2488
2492
2495
2492
2488
2491
2492
2496
2492
2491
2492
2491
2487
2487
2487
2488
2488
2488
2487
2488
2487
2488
2491
2487
2488
2491
2491
2492
2491
2492
2492
2495
2491
2491
2488
2487
2491
2492
2487
2492
2495
2495
2491
2488
2492
2495
2496
2491
2483
2488
2491
2491
2495
2492
2492
2487
2491
2495
2496
2495
2492
2484
2484
2487
2488
2491
2492
2491
2491
2491
2491
2491
2496
2495
2491
2488
2487
2480
2483
2491
2499
2495
2491
2488
2484
2484
2487
2488
2492
2488
2487
2487
2491
2488
2491
2492
2492
2496
2492
2487
2488
2491
2492
2495
2492
2491
2488
2492
2491
2484
2487
2487
2487
2488
2492
2495
2492
2488
2488
2488
2492
2496
2495
2484
2487
2495
2499
2492
2496
2488
2487
2484
2488
2491
2495
2492
2488
2487
2491
2487
2491
2484
2488
2492
2488
2491
2495
2495
2492
2491
2488
2492
2496
2488
2488
2491
2491
2488
2488
2488
2487
2487
2495
2492
2492
2491
2488
2488
2495
2496
2492
2492
2491
2488
2488
2491
2492
2492
2488
2487
2492
2487
2484
2487
2488
2488
2488
2484
2488
2495
2496
2495
2491
2488
2491
2495
2488
2483
2488
2487
2491
2491
2492
2491
2495
2492
2492
2492
2488
2488
2487
2487
2488
2492
2492
2495
2492
2492
2492
2495
2495
2491
2487
2492
2496
2495
2487
2488
2487
2488
2491
2492
2491
2488
2491
2491
2492
2491
2487
2491
2492
2488
2484
2492
2492
2495
2488
2483
2488
2488
2495
2491
2492
2492
2491
2487
2492
2495
2496
2488
2487
2483
2484
2484
2487
2488
2492
2492
2488
2495
2495
2495
2491
2491
2492
2492
2488
2488
2491
2492
2496
2495
2491
2491
2491
2484
2487
2491
2495
2488
2491
2488
2491
2495
2492
2491
2491
2487
2492
2488
2492
2491
2487
2488
2492
2488
2491
2488
2491
2488
2495
2488
2487
2484
2484
2484
2488
2492
2495
2491
2487
2484
2488
2491
2492
2491
2492
2492
2495
2487
2492
2492
2492
2499
2492
2488
2488
2488
2491
2492
2491
2492
2496
2495
2496
2488
2488
2491
2492
2491
2492
2495
2491
2488
2487
2487
2491
2492
2492
2492
2492
2488
2491
2488
2491
2487
2488
2491
2492
2492
2492
2492
2488
2484
2484
2492
2491
2491
2492
2492
2488
2488
2495
2492
2488
2491
2491
2492
2488
2488
2483
2484
2491
2488
2492
2491
2491
2488
2488
2488
2488
2492
2491
2491
2487
2488
2484
2488
2491
2492
2487
2487
2487
2487
2488
2488
2487
2488
2488
2491
2488
2492
2499
2491
2491
2488
2491
2484
2484
2487
2488
2488
2487
2491
2488
2492
2492
2488
2488
2492
2495
2491
2488
2488
2491
2491
2492
2492
2488
2491
2492
2495
2491
2491
2492
2492
2495
2495
2495
2491
2492
2495
2491
2484
2491
2491
2491
2488
2492
2491
2488
2491
2491
2488
2488
2488
2488
2488
2488
2488
2488
2488
2488
2488
2496
2500
2499
2492
2491
2488
2492
2491
2491
2491
2491
2488
2491
2491
2491
2495
2495
2492
2488
2484
2487
2487
2488
2492
2491
2491
2487
2487
2491
2488
2487
2488
2488
2488
2488
2491
2492
2487
2484
2488
2492
2488
2487
2487
2491
2491
2488
2491
2491
2488
2492
2488
2484
2487
2491
2491
2491
2487
2488
2488
2492
2492
2491
2491
2492
2491
2491
2487
2491
2487
2484
2487
2491
2491
2487
2488
2488
2487
2492
2495
2491
2492
2491
2491
2487
2492
2491
2487
2488
2488
2488
2491
2488
2487
2488
2491
2492
2488
2488
2495
2492
2487
2483
2491
2492
2496
2495
2491
2491
2492
2491
2491
2495
2492
2491
2492
2492
2492
2488
2495
2491
2487
2487
2492
2492
2492
2488
2488
2491
2491
2491
2487
2488
2495
2492
2488
2488
2488
2491
2488
2484
2487
2492
2491
2491
2488
2487
2492
2495
2496
2495
2491
2495
2492
2495
2496
2491
2484
2484
2484
2484
2488
2488
2491
2495
2492
2491
2487
2491
2495
2492
2492
2492
2492
2492
2487
2491
2492
2495
2488
2487
2487
2491
2495
2496
2491
2491
2492
2487
2484
2487
2492
2492
2491
2491
2488
2492
2492
2488
2491
2488
2487
2487
2487
2488
2488
2488
2488
2488
2491
2491
2487
2483
2484
2488
2491
2492
2496
2492
2491
2495
2492
2488
2488
2491
2488
2488
2491
2492
2491
2491
2492
2495
2491
2491
2491
2488
2488
2488
2488
2488
2488
2488
2487
2483
2487
2491
2491
2488
2491
2488
2488
2488
2496
2488
2488
2487
2488
2491
2492
2491
2492
2491
2488
2491
2491
2492
2496
2491
2491
2488
2491
2488
2492
2492
2487
2488
2491
2492
2487
2484
2488
2487
2487
2487
2488
2487
2488
2487
2487
2484
2483
2487
2492
2488
2487
2487
2487
2487
2488
2491
2496
2488
2487
2491
2495
2491
2484
2484
2491
2492
2492
2492
2491
2488
2488
2483
2487
2491
2487
2491
2491
2492
2496
2495
2492
2487
2495
2495
2492
2495
2492
2487
2488
2491
2491
2488
2487
2491
2491
2491
2488
2488
2488
2488
2488
2492
2491
2484
2488
2488
2491
2492
2495
2496
2495
2495
2492
2495
2492
2491
2492
2492
2491
2488
2488
2492
2492
2488
2491
2492
2487
2488
2484
2484
2487
2488
2492
2488
2491
2488
2488
2491
2488
2491
2491
2492
2492
2495
2495
2488
2484
2491
2488
2487
2495
2496
2496
2496
2495
2491
2491
2492
2495
2487
2487
2491
2488
2491
2491
2495
2496
2487
2484
2484
2488
2495
2491
2488
2488
2491
2492
2491
2491
2488
2488
2488
2492
2495
2491
2487
2487
2487
2487
2491
2491
2491
2491
2487
2487
2491
2492
2492
2488
2484
2480
2491
2491
2491
2484
2484
2491
2491
2488
2488
2487
2487
2491
2488
2491
2491
2492
2496
2496
2492
2488
2491
2488
2488
2487
2491
2492
2492
2491
2495
2491
2488
2491
2488
2487
2492
2495
2492
2488
2492
2491
2491
2491
2491
2492
2491
2492
2495
2496
2491
2488
2492
2495
2491
2488
2491
2495
2496
2491
2491
2488
2487
2488
2491
2491
2491
2488
2491
2495
2492
2491
2491
2492
2488
2484
2491
2491
2491
2487
2484
2484
2484
2491
2492
2488
2491
2491
2491
2484
2484
2488
2488
2487
2488
2492
2495
2491
2495
2492
2491
2488
2491
2495
2491
2492
2491
2488
2488
2492
2491
2484
2480
2488
2491
2491
2492
2491
2491
2491
2491
2491
2491
2491
2491
2488
2495
2488
2491
2492
2491
2492
2488
2487
2484
2488
2496
2495
2491
2491
2492
2492
2491
2491
2488
2492
2492
2492
2488
2491
2491
2491
2488
2491
2492
2488
2491
2488
2487
2488
2488
2487
2487
2491
2495
2496
2488
2484
2487
2492
2492
2487
2487
2492
2495
2488
2483
2491
2495
2495
2491
2495
2492
2492
2491
2487
2483
2487
2488
2492
2495
2487
2487
2491
2492
2488
2487
2491
2496
2492
2491
2487
2488
2491
2492
2488
2491
2488
2491
2496
2496
2492
2491
2491
2491
2492
2495
2492
2487
2488
2491
2491
2488
2487
2488
2491
2495
2488
2488
2495
2491
2488
2492
2495
2491
2491
2491
2492
2495
2491
2492
2492
2492
2495
2488
2487
2496
2499
2491
2487
2488
2491
2492
2487
2488
2491
2492
2492
2492
2492
2488
2487
2488
2495
2491
2487
2487
2488
2492
2492
2491
2487
2488
2491
2488
2487
2491
2492
2495
2492
2492
2495
2491
2492
2491
2492
2492
2491
2491
2491
2492
2491
2487
2487
2488
2488
2491
2491
2492
2492
2488
2488
2491
2492
2492
2492
2487
2488
2488
2492
2488
2488
2488
2491
2491
2496
2495
2487
2491
2491
2488
2488
2487
2483
2487
2487
2484
2487
2491
2491
2491
2488
2487
2488
2491
2495
2491
2488
2487
2487
2488
2488
2487
2491
2492
2492
2492
2488
2484
2491
2488
2491
2492
2496
2492
2491
2487
2491
2496
2492
2492
2495
2495
2487
2491
2491
2488
2491
2495
2496
2492
2491
2495
2491
2491
2487
2491
2491
2492
2495
2491
2487
2488
2492
2487
2488
2488
2483
2487
2487
2492
2492
2491
2491
2495
2492
2491
2491
2491
2492
2492
2495
2495
2496
2492
2492
2492
2495
2500
2495
2491
2487
2488
2491
2492
2488
2488
2491
2488
2491
2492
2491
2491
2496
2492
2488
2488
2484
2488
2491
2491
2492
2487
2488
2491
2491
2492
2488
2488
2492
2488
2491
2487
2487
2488
2488
2487
2491
2492
2488
2484
2491
2488
2491
2488
2491
2484
2491
2492
2488
2491
2484
2487
2487
2491
2488
2487
2492
2488
2488
2488
2488
2488
2491
2491
2491
2492
2491
2488
2491
2488
2491
2492
2491
2487
2491
2487
2491
2488
2488
2488
2488
2488
2491
2488
2491
2488
2484
2484
2488
2488
2487
2491
2492
2495
2492
2495
2495
2488
2488
2492
2495
2487
2491
2492
2492
2488
2488
2495
2495
2495
2492
2495
2491
2491
2492
2492
2491
2492
2495
2492
2488
2488
2492
2496
2491
2492
2492
2488
2487
2487
2488
2492
2492
2492
2488
2491
2491
2488
2487
2487
2484
2487
2492
2495
2488
2483
2487
2495
2496
2492
2487
2488
2492
2488
2487
2488
2487
2488
2491
2488
2487
2492
2492
2488
2492
2495
2496
2491
2487
2488
2488
2491
2488
2491
2491
2491
2484
2480
2484
2492
2492
2491
2488
2492
2491
2484
2488
2495
2492
2491
2488
2491
2495
2492
2492
2491
2491
2488
2491
2492
2495
2492
2488
2491
2495
2491
2488
2487
2492
2492
2488
2488
2492
2495
2495
2491
2491
2487
2487
2488
2491
2492
2491
2483
2488
2491
2492
2492
2491
2491
2492
2491
2491
2491
2488
2491
2491
2492
2492
2496
2492
2491
2491
2491
2491
2488
2491
2491
2491
2488
2487
2488
2491
2491
2488
2488
2488
2492
2491
2491
2487
2488
2487
2491
2491
2491
2491
2488
2487
2491
2491
2491
2488
2488
2488
2488
2488
2488
2492
2492
2491
2491
2491
2491
2491
2491
2491
2487
2488
2491
2488
2488
2491
2491
2492
2491
2495
2491
2488
2488
2488
2491
2488
2491
2488
2488
2491
2492
2491
2488
2491
2492
2491
2492
2491
2491
2492
2492
2491
2491
2491
2488
2488
2491
2488
2492
2495
2496
2495
2492
2488
2487
2491
2491
2495
2491
2487
2487
2488
2492
2495
2491
2491
2487
2491
2491
2491
2491
2491
2488
2488
2488
2491
2491
2488
2488
2488
2488
2488
2488
2491
2487
2488
2492
2488
2488
2491
2492
2491
2488
2488
2492
2495
2496
2491
2491
2487
2488
2492
2495
2492
2491
2491
2495
2495
2495
2492
2491
2491
2488
2491
2488
2487
2487
2487
2484
2484
2487
2487
2491
2491
2491
2488
2491
2487
2487
2487
2491
2491
2491
2487
2491
2491
2487
2488
2495
2491
2488
2488
2488
2492
2491
2491
2491
2492
2491
2491
2491
2488
2488
2488
2491
2487
2487
2492
2495
2488
2487
2487
2488
2487
2484
2488
2488
2488
2491
2488
2487
2487
2488
2491
2491
2491
2492
2491
2491
2488
2488
2487
2491
2488
2491
2488
2484
2484
2491
2488
2495
2488
2488
2488
2491
2491
2492
2492
2491
2488
2487
2487
2492
2495
2495
2491
2491
2492
2492
2488
2491
2492
2487
2484
2487
2488
2491
2491
2492
2495
2491
2488
2492
2495
2488
2484
2491
2495
2492
2488
2492
2492
2495
2492
2488
2492
2491
2491
2488
2488
2492
2488
2492
2491
2488
2488
2495
2492
2491
2491
2495
2491
2487
2491
2496
2492
2491
2491
2491
2488
2488
2492
2495
2491
2491
2491
2491
2491
2484
2488
2492
2495
2491
2492
2488
2491
2484
2487
2487
2487
2487
2491
2495
2491
2491
2492
2488
2488
2488
2492
2495
2488
2487
2487
2496
2496
2488
2483
2484
2487
2492
2492
2492
2492
2491
2492
2488
2491
2496
2492
2487
2487
2491
2487
2487
2492
2491
2491
2488
2492
2492
2491
2484
2484
2488
2491
2495
2492
2488
2488
2491
2492
2491
2488
2488
2488
2487
2488
2488
2487
2487
2484
2491
2492
2495
2491
2484
2491
2492
2492
2492
2491
2484
2491
2491
2492
2492
2491
2483
2483
2487
2495
2488
2488
2488
2488
2488
2492
2495
2492
2487
2492
2488
2487
2488
2495
2492
2488
2488
2488
2483
2487
2488
2492
2488
2491
2491
2488
2492
2492
2488
2488
2492
2495
2492
2491
2491
2491
2488
2487
2488
2487
2491
2491
2491
2488
2488
2487
2488
2487
2491
2492
2487
2488
2488
2495
2495
2491
2487
2488
2492
2492
2491
2491
2492
2492
2492
2487
2492
2491
2491
2487
2488
2487
2488
2488
2491
2488
2488
2487
2487
2487
2487
2491
2495
2491
2492
2491
2488
2488
2492
2488
2487
2487
2492
2492
2488
2487
2488
2491
2495
2492
2487
2484
2488
2495
2492
2492
2487
2487
2491
2491
2492
2492
2491
2488
2488
2491
2488
2492
2491
2491
2488
2487
2488
2491
2492
2491
2495
2499
2495
2488
2491
2492
2487
2487
2488
2492
2491
2488
2488
2491
2488
2488
2491
2492
2491
2491
2491
2492
2488
2491
2484
2487
2491
2491
2491
2491
2492
2491
2488
2484
2488
2488
2488
2487
2491
2488
2488
2492
2492
2491
2492
2491
2488
2491
2491
2491
2488
2487
2495
2492
2495
2491
2496
2496
2495
2492
2491
2492
2488
2487
2488
2492
2488
2483
2487
2488
2492
2488
2488
2488
2491
2496
2495
2491
2492
2492
2496
2495
2492
2491
2492
2488
2491
2491
2492
2491
2491
2495
2492
2491
2492
2491
2484
2484
2487
2492
2491
2487
2484
2484
2487
2487
2484
2487
2487
2487
2488
2488
2487
2487
2488
2488
2491
2488
2487
2488
2488
2488
2488
2492
2491
2491
2492
2488
2488
2488
2491
2491
2487
2487
2492
2496
2495
2491
2487
2491
2491
2487
2484
2487
2487
2491
2492
2491
2492
2492
2495
2495
2491
2487
2492
2492
2492
2491
2491
2492
2492
2492
2495
2491
2496
2492
2492
2492
2488
2495
2496
2499
2495
2491
2492
2495
2491
2492
2495
2492
2491
2487
2491
2488
2487
2487
2488
2491
2491
2487
2488
2492
2492
2491
2488
2491
2492
2491
2491
2488
2488
2488
2487
2488
2492
2487
2480
2484
2488
2488
2488
2487
2488
2492
2491
2487
2488
2488
2487
2487
2492
2495
2492
2492
2495
2495
2488
2488
2491
2491
2488
2491
2487
2491
2495
2495
2495
2495
2491
2491
2488
2492
2491
2488
2488
2491
2492
2491
2491
2495
2496
2492
2492
2495
2491
2484
2491
2492
2492
2491
2488
2491
2488
2487
2491
2492
2495
2492
2492
2492
2492
2488
2492
2491
2491
2491
2488
2488
2492
2492
2492
2491
2487
2491
2492
2492
2491
2488
2488
2488
2492
2491
2491
2496
2488
2487
2491
2491
2487
2487
2491
2488
2495
2492
2488
2491
2495
2495
2492
2487
2491
2491
2491
2492
2491
2492
2492
2492
2491
2484
2488
2491
2495
2487
2492
2484
2488
2491
2492
2491
2488
2491
2491
2488
2491
2495
2492
2488
2487
2488
2491
2488
2483
2488
2492
2495
2491
2488
2492
2495
2487
2484
2487
2491
2487
2484
2487
2491
2495
2492
2491
2487
2492
2491
2491
2491
2492
2492
2491
2491
2492
2492
2492
2495
2492
2491
2491
2495
2492
2491
2491
2492
2488
2488
2484
2483
2488
2492
2492
2491
2495
2495
2496
2491
2487
2491
2492
2487
2487
2492
2491
2491
2484
2488
2492
2492
2487
2488
2491
2492
2491
2488
2488
2495
2492
2488
2488
2488
2491
2488
2488
2491
2491
2492
2488
2487
2488
2488
2491
2488
2488
2492
2492
2491
2492
2491
2492
2492
2491
2492
2491
2492
2492
2488
2487
2491
2492
2491
2487
2488
2488
2491
2492
2488
2492
2492
2492
2492
2491
2495
2492
2495
2492
2491
2491
2488
2492
2492
2492
2488
2488
2491
2487
2488
2488
2488
2492
2491
2491
2491
2492
2488
2488
2491
2492
2487
2484
2488
2487
2491
2488
2487
2492
2492
2492
2496
2495
2495
2491
2492
2492
2491
2488
2491
2491
2491
2491
2491
2491
2492
2487
2488
2491
2492
2492
2492
2491
2491
2492
2491
2488
2491
2491
2491
2491
2492
2491
2487
2487
2488
2488
2488
2488
2492
2492
2487
2487
2484
2488
2491
2491
2491
2491
2491
2487
2492
2495
2495
2491
2487
2487
2491
2491
2491
2496
2496
2491
2491
2491
2491
2491
2491
2491
2492
2492
2491
2495
2492
2488
2491
2488
2492
2487
2492
2495
2496
2492
2488
2491
2492
2491
2491
2488
2488
2491
2488
2491
2492
2492
2488
2491
2492
2492
2488
2491
2491
2487
2488
2491
2488
2488
2491
2492
2487
2491
2495
2491
2491
2487
2491
2492
2496
2488
2491
2491
2491
2491
2495
2495
2492
2491
2492
2488
2492
2491
2491
2488
2487
2488
2488
2488
2488
2491
2492
2492
2491
2488
2491
2488
2488
2487
2492
2496
2491
2487
2487
2488
2491
2491
2492
2492
2492
2487
2487
2488
2491
2491
2491
2488
2492
2492
2491
2492
2491
2487
2484
2484
2491
2491
2492
2492
2491
2491
2488
2492
2495
2496
2492
2492
2496
2492
2488
2488
2491
2495
2495
2488
2491
2495
2495
2491
2488
2492
2492
2488
2488
2491
2491
2492
2495
2492
2488
2492
2499
2491
2487
2487
2488
2491
2488
2491
2491
2488
2495
2492
2491
2492
2491
2491
2492
2491
2488
2492
2492
2488
2484
2488
2492
2491
2491
2488
2491
2488
2488
2488
2488
2484
2488
2488
2487
2488
2488
2487
2484
2484
2487
2491
2492
2488
2487
2492
2499
2496
2491
2492
2495
2492
2487
2487
2487
2491
2488
2495
2495
2488
2488
2491
2487
2492
2495
2491
2488
2488
2491
2492
2495
2491
2492
2495
2491
2488
2487
2491
2492
2495
2495
2488
2487
2491
2492
2491
2491
2488
2495
2492
2491
2492
2491
2488
2491
2492
2491
2487
2487
2484
2487
2488
2491
2492
2488
2487
2484
2484
2491
2491
2491
2488
2492
2488
2488
2491
2495
2495
2491
2488
2488
2492
2492
2488
2488
2492
2492
2487
2492
2491
2491
2488
2491
2488
2487
2488
2491
2492
2492
2488
2492
2491
2488
2488
2491
2488
2492
2492
2491
2491
2491
2491
2491
2491
2491
2487
2487
2487
2484
2491
2488
2492
2491
2492
2491
2488
2488
2492
2495
2496
2492
2484
2488
2491
2491
2492
2495
2488
2488
2491
2488
2491
2496
2495
2487
2487
2492
2496
2491
2488
2491
2491
2488
2491
2491
2495
2491
2492
2491
2492
2491
2488
2491
2488
2488
2496
2499
2495
2488
2491
2495
2495
2492
2496
2492
2492
2492
2488
2491
2492
2491
2491
2491
2492
2492
2495
2492
2487
2484
2491
2488
2491
2491
2495
2495
2488
2488
2492
2492
2491
2491
2492
2492
2487
2487
2491
2495
2492
2488
2483
2483
2488
2492
2492
2491
2491
2492
2492
2491
2491
2495
2491
2491
2491
2492
2496
2496
2495
2492
2487
2488
2491
2488
2488
2487
2484
2487
2484
2491
2491
2487
2488
2487
2488
2491
2487
2491
2488
2492
2488
2488
2491
2492
2487
2487
2491
2491
2491
2491
2491
2488
2487
2488
2491
2491
2492
2488
2491
2495
2495
2492
2488
2495
2496
2492
2484
2487
2491
2492
2488
2492
2495
2492
2495
2495
2488
2487
2491
2488
2488
2488
2488
2484
2488
2491
2488
2488
2488
2487
2491
2488
2491
2491
2488
2488
2492
2487
2483
2488
2491
2492
2487
2487
2488
2488
2488
2488
2488
2488
2492
2487
2488
2488
2488
2492
2495
2495
2491
2488
2487
2491
2488
2492
2492
2492
2492
2491
2491
2488
2487
2492
2495
2492
2487
2492
2492
2487
2491
2492
2496
2495
2488
2488
2491
2492
2488
2487
2488
2488
2488
2491
2488
2491
2491
2492
2491
2491
2488
2488
2491
2495
2491
2488
2495
2495
2488
2488
2492
2495
2492
2491
2488
2491
2492
2495
2491
2488
2488
2488
2488
2491
2491
2491
2488
2491
2487
2487
2488
2492
2491
2487
2488
2488
2491
2488
2491
2492
2491
2487
2487
2491
2492
2488
2487
2487
2492
2492
2491
2484
2484
2491
2491
2488
2496
2492
2491
2491
2495
2495
2491
2488
2492
2495
2495
2491
2491
2488
2491
2488
2488
2484
2487
2491
2491
2484
2484
2488
2488
2487
2484
2491
2495
2492
2491
2487
2484
2487
2492
2495
2495
2495
2491
2487
2487
2492
2496
2492
2492
2491
2492
2492
2491
2495
2488
2487
2491
2491
2491
2491
2488
2491
2491
2491
2484
2487
2491
2492
2495
2491
2487
2491
2488
2491
2491
2492
2495
2487
2491
2495
2491
2484
2484
2488
2492
2495
2488
2491
2492
2492
2492
2495
2492
2488
2488
2492
2495
2492
2488
2488
2492
2491
2492
2491
2488
2487
2492
2492
2492
2487
2487
2492
2492
2491
2492
2492
2495
2496
2488
2488
2491
2492
2491
2491
2492
2492
2484
2483
2487
2492
2499
2492
2487
2487
2488
2487
2491
2491
2495
2488
2487
2488
2491
2487
2491
2487
2488
2491
2492
2484
2480
2483
2491
2491
2488
2487
2491
2492
2492
2488
2491
2491
2487
2487
2491
2488
2487
2488
2492
2495
2487
2492
2488
2488
2491
2488
2491
2495
2492
2488
2487
2488
2488
2487
2488
2492
2492
2488
2487
2491
2488
2487
2487
2491
2491
2488
2484
2488
2491
2491
2488
2488
2487
2488
2492
2491
2492
2488
2488
2488
2491
2488
2488
2488
2491
2488
2491
2492
2491
2492
2495
2492
2492
2491
2491
2495
2492
2491
2487
2483
2487
2491
2487
2491
2487
2484
2488
2496
2495
2491
2484
2491
2492
2491
2488
2487
2488
2492
2492
2492
2492
2492
2491
2492
2492
2491
2492
2491
2487
2491
2491
2491
2487
2492
2495
2495
2492
2499
2492
2487
2491
2495
2492
2495
2495
2491
2491
2492
2488
2491
2496
2495
2488
2487
2491
2488
2495
2491
2492
2492
2492
2492
2495
2491
2492
2487
2488
2492
2495
2491
2487
2487
2487
2487
2491
2495
2491
2487
2488
2496
2495
2491
2488
2488
2487
2488
2495
2492
2488
2495
2495
2491
2484
2488
2492
2491
2487
2487
2487
2488
2484
2484
2488
2488
2491
2488
2484
2483
2488
2491
2491
2488
2487
2495
2491
2484
2484
2495
2492
2487
2484
2492
2495
2492
2488
2488
2487
2491
2491
2488
2488
2491
2492
2491
2488
2491
2488
2488
2488
2492
2491
2484
2488
2492
2488
2488
2488
2492
2492
2491
2487
2487
2488
2491
2495
2496
2491
2491
2492
2495
2488
2487
2492
2492
2487
2488
2492
2491
2487
2488
2495
2496
2491
2492
2496
2492
2488
2487
2488
2495
2495
2488
2484
2491
2491
2487
2491
2491
2491
2492
2495
2492
2491
2492
2488
2488
2492
2491
2492
2492
2492
2492
2492
2491
2487
2487
2492
2488
2491
2488
2488
2491
2491
2491
2491
2491
2495
2491
2491
2491
2491
2487
2484
2491
2491
2488
2484
2487
2487
2488
2491
2492
2488
2491
2492
2492
2488
2491
2491
2492
2491
2488
2491
2491
2492
2495
2495
2491
2488
2488
2491
2496
2488
2487
2491
2495
2495
2495
2492
2487
2488
2487
2488
2488
2495
2495
2492
2491
2491
2492
2492
2488
2491
2491
2488
2484
2487
2492
2491
2491
2488
2491
2488
2492
2491
2492
2491
2488
2487
2487
2488
2491
2484
2484
2488
2495
2492
2488
2487
2487
2484
2492
2492
2491
2487
2491
2491
2492
2491
2491
2492
2491
2488
2495
2491
2491
2487
2488
2487
2491
2492
2495
2495
2491
2487
2491
2495
2492
2495
2491
2492
2491
2488
2496
2500
2492
2492
2491
2488
2488
2488
2488
2487
2488
2487
2491
2495
2491
2487
2484
2488
2492
2491
2488
2491
2492
2496
2488
2491
2491
2492
2492
2491
2492
2495
2487
2491
2488
2492
2488
2487
2496
2495
2492
2492
2496
2491
2487
2488
2491
2492
2492
2491
2491
2491
2491
2491
2492
2492
2492
2492
2491
2492
2495
2491
2488
2488
2495
2488
2488
2491
2491
2491
2491
2491
2488
2495
2491
2492
2488
2492
2491
2491
2488
2491
2491
2495
2491
2491
2491
2491
2487
2484
2487
2492
2492
2488
2491
2492
2487
2488
2492
2495
2492
2492
2487
2487
2488
2495
2487
2487
2488
2495
2491
2487
2488
2492
2492
2488
2488
2491
2491
2491
2488
2488
2491
2492
2492
2495
2492
2491
2488
2492
2492
2496
2491
2488
2487
2488
2491
2491
2488
2487
2491
2495
2491
2488
2488
2491
2491
2491
2488
2487
2491
2484
2483
2488
2491
2492
2495
2491
2487
2491
2487
2488
2487
2488
2488
2488
2487
2487
2492
2488
2491
2491
2491
2488
2491
2488
2491
2495
2495
2492
2495
2495
2492
2491
2492
2487
2491
2492
2495
2492
2488
2492
2488
2492
2495
2491
2488
2491
2491
2487
2487
2484
2487
2491
2495
2491
2487
2488
2492
2492
2487
2487
2491
2491
2492
2491
2487
2491
