2488
0000
0000
0000
0000
0000
0000
0000
0000
0000
0000
0000
0000
0000
0000
0000
0000
0000
0000
0000
0000
0000
0000
0000
0000
0000
0000
0000
0000
0000
0000
0000
0000
0000
0000
0000
0000
0000
0000
0000
0000
0000
0000
0000
0000
0000
0000
0000
0000
0000
0000
0000
0000
0000
0000
0000
0000
0000
0000
0000
0000
0000
0000
0000
0000
0000
0000
0000
0000
0000
0000
0000
0000
0000
0000
0000
0000
0000
0000
0000
0000
0000
0000
0000
0000
0000
0000
0000
0000
0000
0000
0000
0000
0000
0000
0000
0000
0000
0000
0000
0000
0000
0000
0000
0000
0000
0000
0000
0000
0000
0000
0000
0000
0000
0000
0000
0000
0000
0000
0000
0000
0000
0000
0000
0000
0000
0000
0000
0000
0000
0000
0000
0000
0000
0000
0000
0000
0000
0000
0000
0000
0000
0000
0000
0000
0000
0000
0000
0000
0000
0000
0000
0000
0000
0000
0000
0000
0000
0000
0000
0000
0000
0000
0000
0000
0000
0000
0000
0000
0000
0000
0000
0000
0000
0000
0000
0000
0000
0000
0000
0000
0000
0000
0000
0000
0000
0000
0000
0000
0000
0000
0000
0000
0000
0000
0000
0000
0000
0000
0000
0000
0000
0000
0000
0000
0000
0000
0000
0000
0000
0000
0000
0000
0000
0000
0000
0000
0000
0000
0000
0000
0000
0000
0000
0000
0000
0000
0000
0000
0000
0000
0000
0000
0000
0000
0000
0000
0000
0000
0000
0000
0000
0000
0000
0000
0000
0000
0000
0000
0000
0000
0000
0000
0000
0000
0000
0000
0000
0000
0000
0000
0000
0000
0000
0000
0000
0000
0000
0000
0000
0000
0000
0000
0000
0000
0000
0000
0000
0000
0000
0000
0000
0000
0000
0000
0000
0000
0000
0000
0000
0000
0000
0000
0000
0000
0000
0000
0000
0000
0000
0000
0000
0000
0000
0000
0000
0000
0000
0000
0000
0000
0000
0000
0000
0000
0000
0000
0000
0000
0000
0000
0000
0000
0000
0000
0000
0000
0000
0000
0000
0000
0000
0000
0000
0000
0000
0000
0000
0000
0000
0000
0000
0000
0000
0000
0000
0000
0000
0000
0000
0000
0000
0000
0000
0000
0000
0000
0000
0000
0000
0000
0000
0000
0000
0000
0000
0000
0000
0000
0000
0000
0000
0000
0000
0000
0000
0000
0000
0000
0000
0000
0000
0000
0000
0000
0000
0000
0000
0000
0000
0000
0000
0000
0000
0000
0000
0000
0000
0000
0000
0000
0000
0000
0000
0000
0000
0000
0000
0000
0000
0000
0000
0000
0000
0000
0000
0000
0000
0000
0000
0000
0000
0000
0000
0000
0000
0000
0000
0000
0000
0000
0000
0000
0000
0000
0000
0000
0000
0000
0000
0000
0000
0000
0000
0000
0000
0000
0000
0000
0000
0000
0000
0000
0000
0000
0000
0000
0000
0000
0000
0000
0000
0000
0000
0000
0000
0000
0000
0000
0000
0000
0000
0000
0000
0000
0000
0000
0000
0000
0000
0000
0000
0000
0000
0000
0000
0000
0000
0000
0000
0000
0000
0000
0000
2343
2352
2483
2551
2619
2632
2711
2671
2491
2299
2152
2144
2412
2768
2804
2595
2444
2300
2276
2508
2727
2687
2476
2271
2191
2364
2640
2724
2639
2555
2467
2367
2311
2407
2512
2519
2515
2503
2447
2468
2439
2435
2439
2532
2515
2416
2395
2471
2607
2751
2815
2751
2611
2424
2332
2235
2328
2531
2663
2663
2616
2495
2216
2015
2112
2459
2751
2751
2579
2364
2344
2388
2471
2567
2663
2683
2583
2495
2507
2484
2483
2451
2415
2355
2432
2452
2416
2415
2468
2563
2527
2428
2415
2472
2512
2572
2548
2479
2443
2479
2504
2551
2592
2592
2660
2712
2744
2604
2359
2163
2160
2348
2592
2716
2612
2404
2128
2172
2448
2736
2780
2592
2431
2368
2408
2580
2628
2556
2451
2412
2487
2536
2572
2559
2524
2547
2555
2432
2399
2368
2359
2411
2491
2555
2511
2496
2556
2540
2463
2424
2471
2471
2504
2560
2531
2500
2511
2524
2583
2564
2483
2423
2351
2447
2587
2660
2619
2479
2431
2423
2459
2587
2580
2407
2271
2319
2427
2539
2512
2400
2356
2463
2564
2651
2596
2447
2392
2435
2548
2560
2472
2480
2492
2512
2543
2536
2452
2407
2444
2503
2519
2548
2503
2475
2520
2595
2608
2596
2587
2519
2496
2563
2627
2559
2399
2267
2291
2440
2584
2540
2408
2332
2380
2451
2488
2459
2372
2300
2360
2479
2607
2640
2595
2524
2500
2559
2640
2699
2675
2579
2483
2396
2391
2367
2408
2456
2531
2575
2559
2491
2359
2316
2400
2508
2579
2548
2544
2563
2552
2435
2392
2371
2380
2471
2536
2548
2552
2576
2612
2615
2628
2508
2379
2335
2396
2508
2563
2564
2523
2451
2452
2507
2540
2592
2583
2492
2439
2448
2408
2368
2407
2431
2515
2600
2568
2440
2344
2363
2488
2572
2599
2511
2432
2399
2427
2480
2520
2523
2524
2568
2635
2688
2651
2527
2399
2336
2400
2520
2599
2576
2464
2395
2424
2523
2551
2495
2399
2324
2400
2516
2588
2572
2531
2475
2455
2443
2448
2448
2480
2564
2563
2524
2508
2564
2616
2652
2588
2448
2339
2323
2372
2424
2452
2483
2500
2496
2431
2375
2391
2424
2463
2512
2567
2580
2580
2539
2488
2487
2499
2540
2564
2536
2499
2511
2492
2496
2459
2423
2388
2431
2464
2495
2523
2515
2520
2543
2552
2540
2464
2376
2419
2480
2531
2535
2535
2504
2499
2535
2527
2495
2439
2396
2412
2471
2475
2416
2407
2460
2535
2599
2620
2584
2471
2347
2336
2483
2603
2660
2648
2535
2459
2456
2479
2512
2524
2492
2451
2496
2563
2580
2548
2468
2383
2372
2403
2412
2444
2459
2476
2472
2484
2472
2487
2540
2535
2547
2591
2608
2576
2531
2471
2452
2411
2384
2428
2539
2591
2552
2480
2384
2383
2419
2483
2512
2495
2408
2416
2488
2548
2607
2624
2564
2512
2516
2491
2492
2496
2459
2488
2532
2539
2488
2435
2396
2391
2427
2476
2459
2424
2403
2440
2488
2503
2511
2515
2535
2584
2547
2492
2456
2444
2496
2551
2560
2516
2491
2488
2507
2527
2539
2504
2431
2388
2347
2371
2452
2548
2556
2467
2423
2444
2491
2536
2595
2612
2583
2520
2459
2431
2427
2471
2540
2576
2567
2512
2460
2415
2420
2460
2487
2488
2520
2547
2547
2496
2439
2396
2436
2487
2520
2515
2507
2508
2491
2488
2524
2520
2508
2476
2456
2479
2519
2528
2516
2471
2435
2392
2404
2471
2531
2548
2540
2547
2544
2479
2431
2447
2484
2559
2596
2564
2523
2507
2500
2535
2560
2523
2455
2420
2403
2400
2407
2435
2479
2463
2483
2492
2492
2460
2456
2487
2519
2547
2532
2496
2467
2460
2483
2535
2575
2520
2451
2436
2475
2503
2527
2519
2492
2480
2480
2467
2476
2488
2483
2464
2456
2448
2448
2503
2544
2555
2568
2551
2515
2491
2459
2444
2451
2476
2495
2484
2475
2475
2463
2424
2424
2479
2563
2600
2572
2483
2404
2416
2468
2539
2559
2551
2524
2520
2520
2496
2480
2451
2412
2439
2464
2504
2512
2512
2523
2515
2527
2487
2423
2420
2452
2480
2508
2535
2556
2532
2519
2484
2468
2500
2528
2512
2499
2504
2491
2484
2475
2455
2427
2456
2504
2483
2463
2439
2444
2479
2524
2535
2491
2459
2484
2520
2563
2552
2496
2463
2459
2476
2504
2547
2556
2536
2496
2483
2479
2491
2487
2459
2439
2464
2504
2519
2504
2487
2459
2452
2479
2495
2523
2536
2535
2500
2483
2480
2476
2499
2507
2500
2500
2475
2460
2467
2479
2459
2432
2419
2428
2471
2504
2539
2576
2559
2511
2463
2459
2484
2496
2491
2507
2543
2540
2523
2491
2451
2436
2480
2532
2544
2552
2523
2471
2440
2424
2415
2419
2451
2483
2520
2543
2511
2460
2444
2464
2503
2528
2532
2531
2531
2556
2555
2519
2480
2464
2455
2436
2464
2511
2495
2456
2447
2444
2471
2492
2512
2519
2523
2520
2516
2516
2515
2480
2464
2460
2476
2511
2523
2520
2495
2460
2460
2475
2491
2495
2480
2467
2451
2451
2471
2480
2491
2491
2492
2487
2492
2495
2507
2539
2544
2512
2527
2556
2579
2547
2468
2439
2444
2447
2447
2436
2432
2439
2447
2463
2499
2528
2512
2492
2475
2464
2455
2476
2508
2536
2539
2528
2531
2516
2512
2507
2491
2487
2496
2507
2504
2491
2492
2507
2504
2476
2452
2448
2495
2511
2487
2475
2464
2459
2463
2475
2487
2504
2512
2524
2555
2548
2515
2459
2431
2432
2448
2472
2495
2527
2503
2479
2468
2480
2500
2500
2491
2499
2512
2516
2507
2508
2512
2523
2499
2476
2463
2479
2499
2503
2495
2479
2468
2479
2488
2500
2488
2492
2475
2443
2452
2467
2480
2496
2507
2523
2524
2531
2504
2475
2463
2464
2492
2519
2532
2524
2495
2472
2472
2496
2520
2532
2520
2503
2479
2467
2460
2455
2456
2455
2475
2484
2484
2472
2476
2492
2503
2499
2480
2436
2427
2468
2495
2524
2540
2544
2552
2536
2507
2495
2491
2488
2468
2456
2471
2488
2496
2496
2491
2492
2495
2488
2456
2447
2468
2491
2531
2543
2528
2496
2455
2432
2439
2460
2491
2491
2491
2504
2492
2487
2496
2516
2519
2512
2503
2492
2491
2487
2488
2488
2495
2492
2488
2500
2496
2476
2471
2468
2488
2496
2503
2491
2472
2468
2479
2483
2479
2487
2484
2495
2519
2519
2527
2532
2491
2447
2431
2436
2468
2512
2551
2575
2556
2523
2484
2455
2471
2488
2496
2496
2495
2495
2496
2492
2491
2472
2463
2467
2484
2500
2503
2503
2488
2483
2468
2456
2456
2464
2484
2499
2511
2495
2483
2508
2523
2524
2515
2504
2516
2504
2492
2487
2472
2484
2507
2504
2504
2488
2471
2464
2456
2460
2484
2499
2491
2475
2464
2472
2488
2491
2480
2475
2476
2488
2487
2487
2503
2519
2512
2503
2487
2483
2480
2491
2515
2519
2508
2496
2487
2491
2488
2479
2475
2476
2480
2480
2492
2500
2487
2491
2495
2491
2484
2476
2463
2460
2475
2495
2511
2520
2492
2480
2484
2499
2503
2500
2512
2515
2492
2491
2483
2476
2480
2484
2476
2463
2464
2479
2484
2508
2523
2512
2491
2484
2487
2488
2495
2508
2496
2480
2476
2463
2472
2487
2488
2495
2495
2488
2496
2495
2488
2500
2512
2515
2515
2496
2483
2480
2487
2499
2511
2511
2512
2488
2483
2488
2484
2472
2463
2464
2463
2464
2484
2488
2499
2504
2503
2488
2471
2471
2475
2475
2480
2495
2476
2476
2483
2467
2479
2512
2532
2539
2528
2516
2495
2495
2496
2495
2499
2503
2504
2495
2480
2471
2475
2492
2496
2488
2487
2479
2475
2471
2468
2475
2479
2496
2495
2484
2495
2499
2499
2507
2504
2495
2496
2492
2479
2476
2495
2499
2488
2492
2495
2472
2479
2491
2504
2499
2492
2476
2471
2476
2487
2495
2483
2483
2487
2471
2468
2476
2496
2512
2512
2511
2511
2491
2468
2468
2484
2487
2492
2503
2499
2491
2483
2480
2479
2480
2471
2476
2487
2492
2500
2515
2528
2519
2503
2491
2483
2467
2471
2492
2500
2491
2487
2483
2488
2492
2491
2471
2464
2475
2479
2479
2492
2496
2488
2495
2508
2512
2507
2491
2480
2476
2487
2488
2499
2504
2496
2491
2491
2483
2480
2483
2491
2488
2476
2476
2492
2495
2488
2491
2488
2488
2475
2471
2480
2500
2503
2503
2487
2476
2472
2472
2476
2496
2504
2515
2520
2512
2504
2496
2484
2487
2492
2488
2480
2491
2499
2504
2500
2488
2480
2479
2476
2479
2479
2488
2496
2499
2503
2511
2507
2487
2464
2460
2468
2479
2488
2495
2499
2500
2495
2480
2475
2475
2475
2479
2483
2484
2484
2491
2496
2508
2520
2507
2503
2503
2492
2488
2488
2488
2484
2487
2495
2491
2484
2495
2484
2483
2491
2492
2484
2479
2475
2480
2488
2491
2476
2464
2468
2475
2480
2504
2508
2504
2496
2500
2500
2495
2500
2504
2492
2492
2495
2479
2479
2472
2460
2467
2475
2483
2500
2500
2492
2487
2488
2495
2488
2491
2492
2488
2487
2491
2504
2511
2516
2507
2495
2484
2480
2472
2476
2479
2476
2491
2500
2496
2499
2503
2515
2516
2511
2504
2495
2487
2487
2483
2475
2484
2488
2487
2491
2492
2495
2488
2487
2484
2487
2496
2492
2487
2488
2491
2484
2483
2492
2491
2491
2495
2492
2495
2500
2507
2499
2492
2491
2480
2484
2487
2495
2499
2492
2491
2488
2499
2508
2503
2491
2484
2479
2483
2492
2492
2488
2491
2488
2484
2488
2495
2491
2487
2487
2483
2499
2503
2499
2500
2484
2476
2476
2483
2491
2495
2495
2492
2495
2495
2495
2500
2495
2495
2487
2479
2480
2499
2508
2515
2519
2508
2483
2467
2471
2472
2475
2472
2476
2487
2499
2492
2484
2495
2500
2496
2496
2499
2495
2491
2488
2483
2487
2484
2484
2484
2484
2487
2491
2487
2492
2503
2507
2495
2483
2480
2487
2487
2476
2483
2488
2492
2499
2503
2504
2499
2488
2483
2476
2468
2483
2487
2492
2500
2500
2499
2495
2487
2476
2483
2492
2495
2508
2511
2504
2484
2475
2475
2475
2479
2492
2508
2515
2511
2511
2508
2503
2495
2484
2459
2455
2460
2475
2487
2495
2499
2492
2491
2495
2491
2480
2475
2476
2491
2495
2496
2496
2491
2487
2491
2499
2500
2500
2503
2503
2504
2496
2491
2479
2480
2484
2484
2479
2475
2476
2483
2499
2504
2500
2488
2483
2483
2484
2492
2495
2488
2495
2492
2496
2499
2508
2503
2480
2464
2468
2475
2484
2488
2495
2496
2495
2491
2484
2479
2476
2480
2488
2487
2496
2504
2499
2492
2484
2479
2480
2480
2488
2488
2492
2499
2499
2496
2495
2488
2472
2463
2464
2467
2480
2499
2511
2515
2511
2504
2499
2495
2496
2491
2484
2487
2480
2483
2484
2483
2484
2491
2496
2483
2479
2479
2479
2480
2492
2491
2488
2488
2496
2507
2491
2483
2480
2487
2496
2499
2500
2508
2504
2492
2492
2488
2491
2488
2491
2496
2499
2496
2495
2495
2495
2491
2479
2475
2487
2488
2492
2488
2483
2483
2484
2484
2484
2496
2504
2496
2492
2491
2488
2495
2496
2499
2491
2479
2480
2480
2488
2496
2499
2496
2500
2503
2492
2488
2488
2484
2484
2488
2484
2487
2491
2491
2492
2499
2500
2496
2491
2484
2480
2479
2483
2483
2483
2488
2492
2499
2496
2487
2487
2491
2495
2499
2499
2496
2491
2487
2484
2488
2492
2492
2488
2487
2484
2488
2500
2504
2495
2491
2484
2484
2484
2479
2480
2488
2492
2500
2503
2495
2484
2487
2484
2483
2479
2483
2487
2496
2499
2500
2500
2503
2503
2495
2491
2492
2499
2499
2499
2499
2492
2484
2479
2476
2476
2480
2484
2484
2495
2503
2504
2500
2488
2484
2480
2483
2483
2483
2483
2487
2499
2508
2504
2496
2487
2487
2487
2484
2480
2480
2483
2495
2500
2503
2499
2495
2492
2496
2492
2492
2496
2503
2491
2487
2484
2484
2484
2475
2476
2480
2479
2484
2499
2504
2499
2495
2488
2483
2476
2479
2488
2495
2496
2495
2496
2496
2496
2495
2488
2484
2483
2491
2491
2499
2500
2488
2491
2491
2488
2487
2479
2479
2484
2492
2500
2495
2487
2492
2495
2491
2483
2480
2484
2484
2495
2500
2504
2508
2496
2484
2472
2475
2476
2479
2483
2491
2492
2491
2491
2492
2488
2484
2483
2491
2496
2492
2492
2492
2496
2492
2483
2476
2483
2484
2491
2491
2488
2491
2495
2491
2483
2479
2480
2479
2476
2484
2492
2504
2503
2504
2500
2499
2491
2491
2499
2499
2492
2487
2483
2488
2492
2491
2484
2484
2487
2483
2480
2483
2484
2484
2488
2484
2480
2487
2487
2487
2487
2492
2491
2484
2484
2495
2499
2499
2499
2496
2492
2487
2476
2483
2492
2496
2496
2495
2491
2483
2480
2480
2483
2480
2483
2491
2495
2500
2499
2496
2499
2495
2487
2483
2488
2491
2488
2484
2483
2479
2480
2491
2491
2483
2492
2499
2499
2496
2491
2487
2487
2488
2488
2491
2491
2491
2495
2499
2496
2488
2488
2491
2491
2491
2491
2487
2484
2484
2484
2483
2480
2483
2488
2491
2496
2491
2495
2495
2492
2484
2480
2484
2492
2500
2503
2499
2491
2488
2491
2488
2491
2488
2491
2488
2491
2491
2491
2496
2488
2483
2479
2476
2487
2487
2492
2491
2488
2488
2487
2487
2483
2483
2483
2491
2495
2491
2496
2496
2488
2495
2499
2496
2496
2488
2480
2479
2487
2491
2492
2495
2496
2495
2496
2495
2491
2488
2491
2495
2488
2488
2488
2483
2488
2492
2483
2480
2484
2492
2492
2492
2492
2495
2492
2491
2483
2479
2480
2488
2495
2499
2503
2503
2500
2496
2492
2488
2488
2479
2480
2488
2496
2495
2495
2492
2487
2487
2487
2488
2487
2492
2499
2499
2500
2495
2488
2484
2487
2484
2488
2492
2500
2496
2499
2492
2491
2487
2480
2480
2479
2488
2495
2492
2500
2504
2507
2507
2499
2491
2488
2488
2488
2491
2488
2487
2488
2491
2492
2491
2484
2488
2491
2491
2492
2488
2484
2483
2491
2491
2488
2492
2496
2491
2487
2491
2495
2496
2491
2484
2484
2487
2483
2479
2480
2487
2487
2495
2496
2496
2503
2495
2487
2480
2476
2479
2488
2495
2491
2496
2495
2496
2495
2487
2483
2484
2484
2484
2495
2492
2491
2495
2499
2491
2483
2483
2488
2492
2495
2496
2496
2491
2488
2492
2488
2491
2487
2491
2484
2484
2487
2487
2488
2492
2491
2488
2495
2499
2491
2484
2484
2484
2487
2487
2487
2488
2495
2491
2487
2491
2495
2492
2484
2487
2488
2491
2492
2492
2487
2483
2483
2487
2487
2492
2495
2495
2492
2484
2487
2483
2484
2484
2492
2495
2491
2488
2495
2496
2492
2487
2487
2488
2488
2483
2479
2480
2484
2484
2483
2484
2492
2496
2492
2487
2488
2496
2495
2487
2488
2488
2487
2479
2483
2492
2488
2484
2488
2484
2484
2487
2484
2484
2484
2492
2492
2483
2480
2488
2496
2496
2488
2492
2496
2500
2500
2504
2496
2487
2484
2484
2488
2488
2484
2487
2484
2488
2487
2487
2487
2487
2491
2487
2492
2491
2492
2491
2492
2492
2491
2488
2491
2496
2499
2487
2479
2491
2495
2487
2483
2491
2487
2480
2487
2492
2487
2488
2487
2491
2488
2484
2480
2484
2491
2492
2496
2499
2492
2491
2492
2492
2487
2487
2488
2491
2487
2492
2492
2488
2484
2479
2484
2484
2487
2487
2491
2496
2496
2492
2492
2500
2500
2495
2492
2487
2487
2488
2491
2491
2491
2487
2480
2484
2491
2492
2488
2488
2488
2495
2496
2487
2487
2488
2488
2491
2487
2484
2487
2491
2492
2492
2495
2492
2491
2495
2496
2495
2491
2491
2495
2492
2491
2492
2492
2491
2492
2492
2492
2491
2487
2488
2491
2491
2491
2492
2491
2488
2487
2484
2484
2492
2495
2492
2487
2483
2488
2488
2491
2483
2484
2488
2491
2492
2495
2495
2492
2491
2491
2491
2491
2491
2488
2488
2492
2496
2495
2492
2491
2487
2488
2487
2492
2491
2492
2487
2484
2487
2483
2480
2487
2495
2492
2484
2491
2499
2496
2495
2492
2492
2492
2488
2488
2492
2492
2491
2487
2484
2483
2484
2487
2488
2491
2491
2492
2495
2492
2487
2488
2491
2492
2488
2487
2488
2491
2491
2492
2499
2495
2492
2483
2487
2487
2487
2488
2491
2491
2491
2496
2500
2500
2495
2492
2496
2495
2491
2487
2488
2492
2492
2488
2491
2495
2491
2492
2491
2488
2488
2488
2491
2491
2488
2480
2483
2488
2488
2487
2488
2488
2488
2487
2491
2491
2491
2491
2495
2495
2495
2492
2496
2488
2488
2492
2495
2491
2491
2492
2499
2491
2495
2492
2488
2487
2491
2488
2483
2483
2487
2488
2492
2488
2487
2487
2492
2491
2488
2488
2488
2488
2491
2488
2492
2492
2496
2491
2496
2495
2488
2480
2483
2480
2483
2487
2488
2484
2487
2491
2488
2496
2499
2492
2491
2492
2492
2484
2488
2492
2487
2484
2487
2487
2491
2492
2495
2491
2491
2488
2491
2488
2491
2488
2487
2484
2487
2492
2492
2492
2491
2492
2488
2491
2491
2492
2488
2491
2491
2484
2487
2487
2491
2492
2488
2484
2484
2488
2491
2488
2487
2483
2484
2484
2487
2491
2491
2491
2492
2492
2492
2492
2492
2492
2492
2488
2491
2491
2488
2492
2495
2492
2495
2488
2487
2488
2492
2491
2488
2487
2488
2495
2495
2487
2483
2484
2495
2495
2492
2496
2495
2491
2487
2488
2488
2488
2483
2484
2488
2488
2491
2491
2487
2491
2495
2488
2484
2491
2495
2495
2492
2496
2496
2491
2488
2488
2487
2488
2487
2487
2491
2492
2499
2499
2495
2492
2491
2488
2488
2492
2488
2487
2487
2491
2492
2495
2488
2491
2491
2491
2487
2487
2487
2491
2491
2492
2495
2496
2492
2491
2491
2488
2487
2487
2487
2488
2488
2487
2487
2484
2491
2492
2492
2495
2491
2488
2488
2491
2484
2487
2488
2495
2492
2488
2491
2492
2492
2492
2487
2488
2487
2488
2484
2487
2491
2496
2496
2491
2491
2491
2488
2491
2492
2492
2495
2496
2495
2492
2488
2492
2495
2491
2484
2484
2484
2491
2491
2492
2487
2496
2499
2495
2496
2496
2492
2495
2492
2492
2491
2492
2499
2500
2491
2488
2491
2487
2491
2492
2491
2491
2492
2488
2484
2487
2488
2491
2491
2488
2488
2491
2488
2483
2483
2480
2484
2488
2488
2488
2492
2496
2496
2492
2483
2483
2488
2492
2488
2488
2488
2491
2488
2488
2492
2488
2484
2487
2487
2487
2488
2488
2492
2491
2492
2495
2496
2495
2492
2491
2492
2492
2492
2488
2484
2483
2491
2492
2495
2492
2491
2487
2492
2495
2495
2488
2484
2484
2492
2499
2495
2487
2487
2492
2492
2491
2488
2488
2491
2491
2492
2492
2491
2488
2488
2491
2492
2492
2491
2491
2491
2491
2488
2487
2488
2491
2491
2487
2484
2488
2491
2492
2492
2488
2491
2488
2492
2491
2488
2491
2491
2484
2484
2491
2484
2487
2491
2491
2487
2483
2487
2495
2496
2491
2492
2491
2491
2488
2491
2491
2488
2488
2496
2492
2491
2492
2495
2495
2492
2495
2484
2484
2492
2495
2496
2496
2499
2491
2491
2487
2487
2491
2488
2488
2491
2495
2492
2491
2491
2487
2487
2488
2492
2495
2495
2492
2491
2491
2492
2491
2491
2492
2491
2488
2491
2491
2495
2492
2491
2491
2488
2491
2488
2492
2491
2491
2495
2487
2484
2491
2488
2492
2491
2488
2487
2488
2492
2495
2488
2491
2491
2491
2487
2483
2484
2484
2491
2491
2492
2491
2491
2487
2488
2487
2491
2492
2491
2488
2492
2492
2495
2491
2491
2484
2480
2488
2488
2491
2487
2491
2491
2487
2484
2488
2492
2491
2487
2487
2484
2488
2488
2487
2487
2491
2492
2492
2495
2495
2487
2491
2495
2496
2492
2492
2492
2491
2492
2495
2495
2488
2487
2488
2491
2491
2488
2491
2491
2491
2491
2496
2499
2496
2495
2499
2492
2491
2484
2484
2484
2484
2483
2488
2496
2492
2491
2488
2488
2492
2491
2488
2487
2491
2492
2496
2491
2496
2492
2491
2492
2491
2495
2492
2484
2483
2487
2492
2496
2492
2491
2491
2491
2491
2488
2487
2484
2487
2488
2491
2492
2496
2495
2488
2487
2495
2491
2491
2488
2488
2488
2488
2492
2492
2488
2492
2491
2488
2488
2491
2487
2488
2491
2492
2488
2492
2492
2492
2488
2488
2491
2492
2488
2487
2488
2491
2492
2499
2496
2495
2488
2491
2492
2495
2492
2492
2491
2491
2488
2495
2492
2496
2492
2491
2488
2491
2487
2491
2492
2483
2484
2492
2495
2488
2491
2492
2488
2487
2484
2487
2491
2488
2491
2491
2488
2488
2491
2491
2488
2484
2487
2492
2492
2488
2487
2487
2487
2488
2488
2491
2488
2492
2491
2491
2492
2491
2488
2487
2487
2491
2492
2491
2491
2488
2491
2495
2491
2484
2484
2491
2491
2491
2488
2487
2492
2495
2495
2491
2491
2488
2492
2495
2495
2492
2492
2491
2492
2491
2488
2487
2496
2492
2492
2492
2487
2487
2491
2491
2491
2491
2491
2491
2495
2495
2496
2492
2483
2487
2492
2496
2495
2496
2492
2495
2496
2492
2492
2488
2488
2491
2488
2488
2488
2491
2491
2491
2491
2491
2495
2491
2488
2488
2488
2487
2488
2491
2492
2491
2483
2487
2492
2492
2488
2488
2488
2488
2488
2491
2488
2495
2495
2496
2491
2487
2488
2491
2492
2488
2491
2488
2488
2487
2484
2491
2491
2495
2491
2492
2491
2492
2492
2491
2492
2492
2495
2491
2491
2492
2492
2492
2487
2487
2484
2487
2488
2491
2495
2496
2495
2491
2491
2495
2492
2491
2495
2496
2492
2491
2495
2495
2492
2492
2491
2488
2487
2495
2492
2492
2488
2487
2492
2491
2491
2491
2492
2491
2491
2491
2488
2491
2495
2491
2492
2492
2492
2487
2484
2491
2495
2495
2491
2495
2491
2491
2488
2491
2491
2492
2488
2491
2491
2488
2484
2487
2488
2495
2488
2483
2488
2495
2496
2496
2491
2487
2483
2487
2492
2495
2492
2491
2484
2484
2491
2491
2491
2487
2483
2483
2487
2488
2488
2495
2492
2492
2491
2488
2487
2488
2491
2496
2491
2488
2491
2488
2488
2487
2487
2491
2491
2487
2488
2487
2491
2491
2488
2484
2488
2484
2483
2480
2488
2488
2488
2496
2496
2492
2491
2492
2491
2492
2495
2492
2495
2495
2487
2487
2491
2488
2483
2484
2492
2491
2491
2491
2492
2491
2491
2488
2491
2488
2488
2488
2488
2488
2491
2491
2488
2487
2488
2488
2484
2488
2488
2488
2491
2488
2491
2495
2492
2492
2491
2487
2484
2488
2491
2492
2491
2488
2492
2492
2488
2487
2491
2492
2495
2488
2487
2488
2491
2492
2491
2491
2487
2491
2491
2484
2491
2491
2491
2488
2488
2491
2492
2488
2488
2492
2491
2488
2491
2488
2488
2492
2492
2492
2488
2487
2492
2495
2495
2492
2495
2495
2500
2495
2488
2492
2495
2491
2488
2483
2487
2487
2491
2488
2491
2491
2492
2491
2491
2491
2491
2488
2491
2495
2492
2491
2495
2491
2488
2488
2488
2491
2488
2492
2491
2491
2491
2492
2492
2488
2491
2495
2495
2491
2492
2491
2487
2488
2495
2492
2492
2488
2492
2491
2492
2491
2491
2484
2484
2491
2495
2496
2491
2488
2492
2491
2491
2492
2491
2491
2491
2487
2487
2492
2496
2492
2488
2488
2491
2492
2496
2492
2492
2492
2491
2491
2492
2492
2492
2487
2492
2491
2491
2487
2488
2488
2484
2487
2488
2495
2492
2495
2492
2488
2488
2491
2491
2488
2491
2487
2491
2491
2488
2492
2499
2496
2491
2487
2487
2491
2492
2491
2492
2495
2491
2491
2488
2487
2491
2491
2488
2487
2488
2488
2491
2488
2496
2495
2488
2488
2492
2495
2495
2491
2487
2492
2495
2488
2491
2492
2491
2488
2492
2492
2492
2491
2495
2488
2487
2484
2484
2484
2488
2488
2491
2491
2488
2488
2491
2488
2491
2488
2483
2484
2487
2492
2495
2492
2487
2487
2488
2488
2487
2491
2495
2492
2488
2491
2492
2495
2492
2491
2491
2484
2487
2487
2488
2495
2495
2495
2491
2492
2491
2496
2496
2492
2487
2487
2492
2495
2495
2492
2487
2487
2491
2491
2488
2487
2487
2487
2483
2487
2488
2495
2491
2488
2491
2488
2492
2496
2492
2491
2491
2495
2495
2492
2488
2496
2492
2492
2495
2488
2484
2488
2495
2491
2483
2487
2495
2492
2491
2495
2496
2492
2491
2492
2491
2488
2488
2491
2488
2488
2488
2491
2491
2495
2492
2492
2487
2491
2495
2495
2487
2487
2484
2492
2492
2488
2487
2487
2491
2491
2487
2491
2491
2491
2491
2492
2492
2492
2492
2488
2491
2492
2491
2495
2495
2495
2491
2488
2492
2491
2491
2487
2487
2488
2491
2491
2488
2488
2484
2484
2488
2492
2492
2491
2488
2488
2492
2488
2487
2488
2488
2491
2492
2491
2488
2491
2492
2491
2491
2495
2492
2488
2488
2492
2495
2495
2488
2488
2492
2491
2488
2488
2488
2487
2491
2492
2491
2488
2491
2492
2495
2492
2492
2488
2487
2488
2488
2488
2491
2495
2492
2484
2487
2495
2495
2488
2491
2492
2491
2491
2491
2488
2488
2495
2492
2491
2491
2496
2496
2488
2491
2488
2488
2491
2492
2492
2488
2495
2495
2491
2488
2488
2495
2491
2492
2491
2492
2492
2492
2488
2484
2488
2487
2488
2495
2484
2480
2483
2487
2491
2488
2487
2484
2488
2488
2488
2488
2488
2491
2492
2488
2487
2492
2495
2491
2488
2488
2495
2496
2492
2488
2488
2495
2492
2491
2495
2496
2492
2491
2492
2491
2488
2491
2488
2491
2488
2487
2488
2491
2491
2492
2492
2495
2491
2492
2491
2491
2495
2491
2488
2487
2491
2496
2491
2492
2488
2491
2492
2491
2492
2488
2488
2495
2492
2491
2487
2484
2484
2491
2492
2491
2487
2488
2488
2484
2484
2487
2488
2492
2492
2495
2495
2492
2491
2487
2491
2492
2484
2487
2492
2495
2492
2488
2488
2488
2492
2488
2488
2487
2491
2495
2491
2491
2488
2495
2496
2492
2487
2491
2495
2495
2492
2492
2496
2499
2491
2491
2492
2492
2492
2492
2495
2495
2491
2488
2491
2488
2484
2492
2492
2491
2488
2491
2488
2491
2492
2488
2491
2491
2492
2491
2492
2495
2492
2495
2488
2487
2495
2492
2487
2487
2488
2491
2488
2488
2491
2487
2487
2488
2488
2491
2491
2488
2488
2487
2488
2491
2492
2495
2488
2483
2488
2492
2491
2487
2488
2492
2491
2492
2495
2491
2488
2487
2491
2487
2484
2491
2491
2488
2487
2488
2492
2492
2491
2492
2496
2488
2488
2492
2496
2491
2487
2483
2487
2488
2488
2491
2491
2492
2495
2491
2487
2487
2495
2488
2488
2491
2496
2495
2492
2491
2491
2491
2491
2488
2487
2487
2491
2492
2492
2488
2491
2488
2484
2487
2491
2491
2488
2491
2487
2488
2492
2492
2487
2491
2491
2488
2491
2492
2492
2488
2488
2487
2492
2491
2488
2487
2487
2488
2488
2491
2492
2491
2487
2484
2488
2495
2487
2488
2496
2491
2488
2492
2492
2491
2491
2492
2488
2488
2488
2488
2488
2491
2491
2488
2496
2492
2491
2491
2491
2491
2491
2491
2492
2492
2495
2488
2488
2491
2492
2491
2491
2492
2488
2487
2487
2487
2491
2491
2488
2484
2487
2491
2491
2491
2488
2487
2487
2491
2491
2495
2495
2492
2495
2492
2491
2484
2491
2488
2488
2488
2491
2491
2487
2491
2491
2492
2491
2487
2488
2495
2495
2492
2492
2495
2495
2492
2487
2492
2491
2492
2495
2491
2491
2488
2488
2491
2491
2491
2491
2488
2488
2492
2491
2495
2491
2487
2484
2491
2496
2492
2488
2491
2491
2491
2492
2496
2487
2488
2495
2499
2492
2491
2492
2495
2495
2492
2488
2488
2487
2488
2492
2491
2488
2491
2495
2499
2492
2491
2492
2488
2487
2487
2491
2491
2487
2488
2491
2491
2480
2487
2496
2492
2491
2487
2491
2491
2495
2487
2491
2495
2495
2496
2488
2488
2491
2492
2492
2488
2488
2491
2492
2492
2488
2487
2495
2492
2492
2492
2491
2484
2491
2491
2495
2492
2484
2487
2488
2488
2488
2488
2488
2492
2491
2491
2492
2492
2488
2491
2491
2488
2491
2492
2492
2484
2487
2491
2488
2488
2488
2487
2488
2495
2488
2488
2488
2492
2491
2487
2483
2488
2495
2495
2488
2491
2488
2488
2488
2488
2488
2487
2488
2492
2491
2488
2487
2488
2492
2495
2491
2491
2491
2491
2491
2488
2488
2484
2484
2488
2488
2487
2491
2491
2492
2487
2491
2496
2492
2488
2487
2496
2495
2495
2488
2488
2492
2492
2488
2491
2492
2491
2491
2492
2491
2488
2492
2492
2491
2487
2488
2487
2491
2495
2492
2487
2487
2488
2488
2488
2488
2491
2492
2491
2488
2484
2488
2491
2491
2491
2488
2488
2491
2492
2491
2491
2492
2496
2492
2488
2491
2491
2492
2491
2491
2491
2488
2491
2495
2492
2487
2484
2488
2492
2492
2491
2488
2488
2492
2488
2491
2487
2487
2487
2491
2492
2492
2487
2480
2487
2491
2491
2491
2491
2492
2488
2491
2492
2495
2492
2492
2495
2488
2488
2488
2491
2491
2491
2492
2495
2491
2491
2491
2491
2491
2488
2492
2491
2491
2492
2495
2495
2491
2488
2491
2491
2492
2492
2495
2492
2492
2491
2488
2491
2487
2491
2491
2488
2491
2492
2492
2484
2487
2491
2488
2488
2488
2491
2488
2488
2488
2487
2488
2491
2492
2492
2491
2491
2491
2492
2491
2488
2491
2495
2492
2492
2495
2492
2488
2488
2488
2491
2495
2491
2487
2487
2496
2496
2491
2484
2488
2491
2491
2488
2491
2488
2488
2488
2491
2491
2491
2495
2492
2492
2488
2488
2491
2491
2492
2495
2495
2492
2492
2495
2491
2488
2488
2487
2492
2492
2492
2491
2487
2491
2495
2492
2491
2484
2491
2491
2488
2488
2487
2487
2487
2488
2488
2487
2488
2495
2491
2480
2484
2491
2492
2495
2495
2492
2491
2491
2492
2488
2491
2491
2487
2492
2488
2487
2487
2488
2488
2483
2487
2488
2491
2491
2491
2491
2491
2488
2492
2491
2492
2492
2488
2487
2487
2491
2495
2495
2487
2487
2487
2491
2487
2487
2491
2487
2484
2492
2488
2484
2488
2491
2492
2491
2491
2491
2492
2492
2487
2484
2488
2492
2495
2491
2487
2491
2495
2495
2495
2491
2491
2488
2488
2495
2496
2492
2488
2492
2495
2491
2488
2488
2492
2491
2487
2492
2488
2484
2488
2491
2491
2487
2488
2491
2491
2488
2487
2491
2491
2487
2487
2491
2491
2491
2488
2487
2488
2488
2487
2491
2495
2488
2487
2487
2491
2499
2491
2488
2488
2492
2492
2495
2495
2488
2491
2488
2492
2491
2488
2488
2492
2495
2492
2488
2487
2488
2492
2492
2491
2487
2484
2487
2491
2491
2491
2492
2495
2492
2496
2491
2491
2488
2487
2491
2487
2488
2488
2492
2488
2488
2488
2488
2492
2491
2488
2487
2488
2492
2491
2488
2491
2487
2487
2488
2491
2488
2495
2491
2487
2488
2492
2488
2491
2492
2491
2491
2492
2491
2487
2484
2488
2492
2492
2491
2491
2488
2491
2492
2488
2491
2491
2491
2488
2491
2492
2492
2488
2488
2491
2491
2487
2495
2499
2495
2488
2492
2487
2492
2495
2488
2491
2487
2488
2492
2496
2495
2492
2495
2496
2496
2488
2487
2487
2492
2492
2488
2487
2488
2495
2495
2491
2488
2491
2491
2484
2488
2487
2488
2488
2487
2487
2488
2491
2484
2484
2484
2492
2491
2491
2484
2491
2491
2488
2491
2487
2488
2492
2492
2491
2492
2491
2488
2488
2491
2495
2495
2495
2495
2492
2488
2491
2492
2496
2491
2492
2488
2488
2488
2491
2488
2488
2495
2492
2492
2491
2488
2491
2491
2492
2488
2491
2491
2491
2491
2488
2488
2491
2491
2483
2488
2495
2495
2491
2487
2488
2488
2492
2491
2492
2492
2492
2492
2488
2487
2483
2492
2495
2491
2487
2487
2488
2488
2484
2487
2492
2492
2488
2491
2492
2495
2492
2491
2488
2488
2488
2491
2488
2495
2492
2491
2488
2491
2488
2484
2484
2488
2492
2488
2484
2488
2492
2492
2491
2488
2491
2491
2491
2488
2492
2488
2488
2488
2488
2488
2487
2488
2492
2495
2495
2492
2492
2492
2492
2491
2492
2492
2492
2495
2491
2487
2488
2492
2495
2492
2491
2495
2495
2491
2488
2488
2492
2492
2492
2491
2495
2492
2491
2487
2487
2488
2488
2491
2492
2491
2491
2488
2491
2492
2491
2484
2491
2488
2495
2492
2488
2483
2487
2488
2488
2488
2487
2492
2495
2483
2484
2488
2492
2484
2484
2488
2488
2487
2491
2488
2491
2492
2491
2488
2487
2491
2492
2491
2491
2488
2487
2484
2487
2492
2491
2488
2487
2488
2496
2491
2487
2487
2491
2488
2492
2492
2495
2492
2491
2488
2491
2492
2488
2488
2491
2491
2491
2491
2487
2487
2488
2491
2492
2495
2488
2488
2492
2491
2491
2484
2487
2492
2488
2488
2492
2492
2491
2491
2491
2491
2488
2491
2495
2495
2492
2491
2491
2488
2491
2491
2491
2488
2492
2491
2491
2495
2499
2491
2491
2488
2492
2491
2491
2491
2492
2492
2491
2488
2491
2491
2492
2491
2484
2487
2488
2491
2492
2487
2483
2487
2492
2492
2491
2487
2491
2491
2488
2488
2491
2488
2488
2484
2491
2488
2491
2492
2492
2491
2488
2487
2488
2492
2492
2487
2487
2488
2491
2492
2491
2491
2491
2488
2487
2488
2491
2488
2488
2488
2491
2491
2488
2487
2492
2492
2491
2495
2487
2491
2495
2495
2491
2484
2491
2495
2491
2488
2491
2491
2492
2492
2491
2491
2491
2492
2495
2496
2495
2491
2488
2484
2484
2484
2492
2496
2488
2484
2491
2496
2492
2492
2492
2488
2491
2492
2488
2484
2491
2492
2495
2491
2491
2491
2492
2488
2488
2491
2492
2491
2491
2491
2495
2492
2492
2487
2487
2488
2488
2488
2491
2487
2491
2491
2491
2488
2492
2491
2492
2492
2492
2492
2492
2492
2492
2495
2491
2495
2492
2488
2483
2487
2488
2488
2484
2488
2488
2491
2492
2492
2492
2492
2491
2491
2492
2488
2487
2488
2492
2488
2491
2484
2487
2488
2488
2492
2491
2488
2488
2488
2495
2488
2491
2487
2487
2488
2492
2495
2488
2488
2488
2495
2488
2488
2483
2487
2491
2488
2491
2491
2491
2491
2495
2492
2491
2491
2491
2492
2492
2492
2495
2495
2495
2488
2488
2491
2488
2487
2484
2487
2491
2491
2495
2491
2487
2491
2483
2480
2488
2492
2488
2488
2491
2488
2484
2488
2491
2488
2491
2488
2487
2488
2491
2487
2487
2495
2495
2495
2487
2491
2488
2488
2488
2488
2491
2492
2491
2495
2491
2492
2488
2487
2488
2491
2492
2488
2491
2491
2491
2491
2488
2488
2492
2488
2484
2484
2488
2484
2487
2488
2488
2488
2488
2492
2491
2487
2484
2491
2491
2487
2491
2492
2492
2492
2487
2488
2488
2491
2488
2488
2491
2491
2488
2492
2492
2492
2492
2488
2488
2492
2491
2491
2491
2492
2491
2487
2491
2492
2488
2488
2491
2492
2488
2484
2487
2495
2495
2491
2487
2491
2488
2495
2495
2492
2491
2487
2488
2495
2491
2487
2492
2492
2491
2495
2492
2492
2491
2491
2491
2495
2491
2487
2491
2492
2488
2488
2491
2491
2491
2487
2488
2491
2488
2491
2488
2488
2491
2492
2488
2491
2495
2491
2488
2491
2492
2492
2491
2491
2492
2495
2495
2491
2488
2487
2492
2495
2488
2484
2488
2491
2488
2491
2484
2488
2492
2491
2492
2491
2488
2488
2487
2488
2491
2492
2487
2492
2491
2487
2488
2491
2491
2491
2488
2492
2495
2492
2491
2491
2492
2491
2484
2488
2492
2496
2491
2488
2492
2495
2492
2495
2491
2492
2492
2492
2491
2491
2488
2488
2491
2491
2491
2491
2488
2487
2480
2483
2484
2488
2488
2487
2487
2488
2488
2487
2491
2495
2495
2488
2484
2487
2491
2496
2492
2491
2492
2495
2495
2496
2487
2492
2495
2492
2492
2491
2491
2492
2495
2492
2492
2491
2492
2491
2491
2488
2491
2496
2488
2491
2488
2488
2488
2488
2491
2488
2487
2484
2488
2487
2491
2492
2491
2488
2491
2488
2491
2488
2492
2492
2491
2487
2488
2491
2491
2491
2488
2492
2491
2491
2484
2491
2491
2491
2488
2491
2487
2491
2492
2492
2491
2484
2487
2491
2491
2495
2492
2492
2488
2491
2487
2488
2492
2492
2492
2488
2491
2491
2487
2492
2492
2491
2492
2492
2491
2487
2491
2492
2495
2488
2487
2491
2496
2492
2492
2491
2491
2488
2488
2488
2492
2492
2492
2491
2491
2492
2492
2488
2491
2488
2495
2492
2487
2491
2492
2492
2488
2488
2491
2492
2488
2487
2491
2495
2491
2488
2487
2491
2488
2491
2488
2491
2491
2491
2488
2487
2491
2488
2487
2491
2487
2487
2492
2492
2491
2488
2492
2488
2491
2491
2491
2495
2492
2492
2491
2492
2488
2491
2491
2491
2488
2491
2492
2492
2492
2487
2484
2488
2491
2495
2491
2491
2488
2488
2487
2492
2488
2487
2488
2492
2492
2491
2487
2488
2484
2487
2487
2491
2488
2492
2488
2487
2487
2492
2492
2492
2491
2492
2492
2492
2495
2492
2492
2491
2491
2491
2487
2488
2487
2484
2488
2491
2491
2492
2492
2487
2487
2488
2487
2488
2491
2495
2492
2495
2491
2488
2487
2491
2492
2491
2487
2492
2495
2491
2491
2492
2491
2487
2487
2491
2488
2488
2487
2492
2492
2492
2487
2484
2488
2487
2487
2491
2491
2492
2492
2495
2491
2488
2488
2495
2492
2491
2488
2491
2495
2491
2492
2492
2488
2487
2491
2492
2487
2480
2487
2491
2492
2491
2492
2496
2495
2492
2491
2492
2492
2491
2492
2495
2491
2491
2492
2492
2491
2492
2491
2487
2487
2492
2492
2492
2492
2492
2495
2495
2492
2492
2491
2492
2491
2488
2487
2491
2491
2488
2487
2492
2491
2491
2488
2491
2496
2496
2492
2488
2488
2488
2491
2495
2491
2491
2492
2495
2496
2484
2488
2491
2495
2492
2492
2492
2488
2492
2495
2495
2492
2492
2495
2488
2488
2488
2492
2488
2488
2488
2491
2495
2495
2488
2484
2488
2495
2491
2491
2492
2491
2484
2484
2487
2491
2491
2491
2492
2491
2488
2491
2491
2492
2491
2491
2488
2488
2495
2496
2491
2488
2492
2488
2491
2491
2491
2492
2492
2488
2491
2491
2491
2491
2491
2487
2487
2492
2492
2488
2487
2491
2491
2491
2492
2488
2488
2488
2488
2495
2492
2491
2492
2492
2488
2492
2496
2495
2488
2491
2496
2491
2492
2491
2491
2483
2487
2491
2488
2488
2491
2488
2487
2488
2487
2488
2492
2492
2488
2488
2491
2488
2488
2491
2488
2488
2491
2488
2487
2488
2495
2499
2495
2495
2491
2488
2491
2491
2488
2491
2488
2487
2487
2491
2488
2488
2488
2492
2488
2487
2487
2496
2495
2491
2487
2487
2487
2491
2491
2491
2492
2492
2492
2492
2491
2491
2484
2487
2488
2487
2491
2487
2488
2488
2491
2492
2488
2487
2495
2495
2491
2484
2488
2487
2488
2487
2487
2492
2492
2492
2492
2487
2487
2491
2495
2492
2491
2491
2496
2495
2491
2492
2491
2492
2492
2492
2492
2495
2488
2491
2495
2495
2495
2491
2488
2488
2492
2495
2488
2484
2487
2492
2495
2492
2491
2488
2492
2495
2491
2487
2484
2491
2492
2491
2491
2484
2484
2491
2495
2492
2496
2496
2492
2492
2496
2495
2488
2488
2487
2491
2491
2488
2488
2491
2491
2491
2487
2487
2487
2495
2492
2492
2488
2492
2495
2492
2487
2492
2492
2488
2484
2491
2496
2492
2484
2484
2492
2495
2491
2491
2488
2488
2492
2492
2491
2491
2492
2488
2488
2488
2491
2495
2496
2491
2488
2488
2491
2491
2491
2491
2488
2495
2488
2487
2488
2487
2487
2487
2488
2491
2492
2496
2491
2487
2487
2491
2492
2488
2484
2492
2499
2492
2488
2492
2499
2495
2487
2484
2491
2496
2495
2491
2492
2492
2495
2495
2492
2488
2491
2491
2491
2487
2487
2487
2488
2487
2488
2488
2484
2488
2491
2491
2487
2491
2488
2488
2487
2483
2491
2487
2487
2491
2492
2492
2488
2487
2491
2492
2491
2491
2487
2488
2496
2499
2492
2487
2487
2491
2491
2487
2487
2491
2491
2495
2495
2492
2487
2484
2484
2491
2492
2488
2484
2491
2491
2492
2491
2492
2488
2488
2488
2491
2491
2495
2491
2488
2491
2492
2491
2495
2492
2492
2491
2492
2495
2491
2488
2492
2492
2495
2492
2492
2491
2492
2492
2491
2492
2492
2491
2491
2492
2491
2488
2484
2484
2491
2492
2488
2491
2487
2487
2491
2492
2488
2487
2488
2491
2495
2491
2488
2487
2491
2491
2491
2491
2491
2487
2488
2488
2491
2491
2488
2484
2484
2488
2492
2487
2488
2491
2488
2491
2488
2491
2491
2487
2488
2491
2488
2487
2488
2492
2495
2492
2491
2492
2488
2491
2488
2488
2491
2495
2492
2488
2484
2487
2491
2491
2492
2491
2491
2492
2492
2491
2491
2491
2492
2488
2492
2487
2484
2488
2492
2495
2492
2487
2492
2492
2491
2488
2491
2492
2491
2495
2496
2492
2491
2488
2491
2491
2492
2495
2492
2492
2492
2492
2495
2495
2488
2488
2492
2495
2491
2488
2488
2488
2487
2487
2488
2491
2487
2491
2491
2488
2491
2488
2491
2491
2487
2492
2491
2491
2484
2487
2491
2495
2492
2488
2487
2491
2488
2491
2488
2488
2492
2492
2495
2491
2487
2487
2487
2491
2491
2488
2488
2491
2488
2487
2488
2495
2496
2488
2487
2491
2492
2491
2488
2492
2495
2495
2492
2491
2487
2487
2491
2491
2488
2492
2492
2491
2487
2488
2488
2484
2483
2488
2488
2491
2492
2492
2488
2492
2491
2491
2492
2488
2488
2492
2491
2491
2492
2491
2492
2492
2491
2491
2492
2495
2495
2491
2488
2488
2495
2492
2487
2487
2488
2491
2491
2492
2487
2491
2491
2496
2495
2495
2492
2492
2491
2487
2488
2491
2492
2488
2491
2488
2487
2491
2492
2492
2492
2491
2492
2488
2492
2491
2491
2491
2491
2491
2488
2488
2492
2491
2495
2495
2495
2491
2491
2492
2492
2491
2491
2492
2491
2492
2492
2488
2487
2488
2491
2492
2492
2491
2488
2492
2492
2492
2492
2492
2491
2492
2491
2492
2492
2492
2491
2491
2491
2491
2491
2487
2488
2495
2495
2492
2492
2495
2491
2488
2492
2488
2487
2488
2495
2492
2488
2491
2491
2492
2495
2488
2492
2491
2492
2496
2491
2487
2488
2495
2496
2492
2487
2484
2484
2488
2491
2492
2491
2488
2491
2492
2492
2495
2488
2488
2495
2496
2488
2487
2491
2488
2488
2484
2488
2492
2488
2487
2484
2492
2496
2492
2492
2488
2484
2491
2496
2491
2488
2492
2491
2491
2492
2488
2488
2488
2487
2492
2495
2492
2491
2491
2491
2488
2487
2484
2492
2495
2491
2491
2488
2488
2487
2492
2492
2491
2487
2491
2495
2491
2492
2491
2488
2491
2488
2488
2491
2491
2491
2491
2491
2491
2488
2492
2491
2492
2488
2488
2492
2499
2495
2492
2487
2488
2491
2492
2491
2487
2484
2488
2491
2491
2488
2491
2492
2491
2488
2487
2487
2492
2491
2491
2487
2488
2491
2491
2488
2487
2491
2492
2488
2487
2488
2491
2488
2491
2488
2487
2492
2495
2491
2488
2487
2491
2492
2492
2495
2491
2488
2492
2492
2492
2488
2491
2488
2483
2491
2492
2496
2495
2491
2491
2491
2492
2492
2484
2487
2492
2496
2495
2488
2491
2491
2492
2495
2492
2495
2491
2491
2491
2496
2496
2491
2487
2492
2496
2492
2488
2483
2488
2495
2492
2491
2487
2487
2488
2488
2491
2488
2488
2484
2487
2492
2492
2495
2491
2488
2487
2487
2495
2495
2492
2488
2491
2495
2496
2492
2491
2492
2491
2483
2487
2488
2492
2484
2487
2487
2491
2491
2491
2488
2488
2491
2495
2495
2491
2492
2492
2496
2495
2491
2487
2483
2488
2492
2491
2488
2488
2491
2488
2488
2487
2491
2488
2487
2488
2495
2491
2491
2487
2492
2492
2495
2492
2491
2488
2491
2496
2492
2491
2491
2491
2496
2491
2488
2483
2488
2488
2492
2495
2491
2488
2487
2488
2491
2488
2491
2495
2495
2491
2483
2484
2491
2491
2491
2491
2484
2491
2492
2491
2491
2488
2487
2484
2488
2488
2488
2492
2487
2488
2488
2488
2488
2488
2488
2492
2491
2487
2483
2484
2492
2495
2496
2495
2491
2487
2487
2491
2488
2492
2492
2492
2487
2492
2491
2491
2488
2491
2491
2487
2488
2492
2495
2491
2491
2496
2492
2491
2492
2488
2492
2495
2496
2491
2492
2495
2492
2491
2488
2487
2488
2491
2491
2491
2495
2488
2491
2491
2491
2492
2492
2491
2491
2491
2492
2492
2492
2492
2491
2491
2491
2488
2488
2488
2491
2492
2491
2488
2492
2491
2488
2491
2488
2488
2491
2488
2491
2484
2487
2492
2495
2491
2491
2495
2488
2491
2492
2491
2492
2492
2495
2488
2487
2491
2488
2495
2495
2491
2488
2488
2487
2487
2487
2488
2487
2483
2488
2491
2492
2491
2487
2484
2488
2491
2491
2491
2495
2491
2492
2492
2495
2488
2484
2488
2487
2484
2488
2491
2492
2491
2488
2487
2491
2487
2488
2487
2487
2492
2495
2491
2487
2487
2488
2492
2491
2491
2492
2491
2488
2488
2488
2487
2492
2492
2495
2488
2488
2491
2492
2492
2491
2491
2491
2487
2491
2492
2488
2487
2487
2495
2491
2487
2483
2484
2492
2491
2488
2487
2487
2492
2492
2495
2488
2492
2492
2491
2492
2492
2487
2492
2492
2488
2491
2492
2492
2488
2487
2488
2487
2491
2488
2488
2492
2496
2488
2492
2492
2491
2495
2495
2488
2488
2491
2491
